2048
1024
0
1536
512
512
1024
1024
512
0
0
512
1024
512
1024
512
512
1536
1024
512
0
1024
0
1536
2560
1024
1024
512
2560
0
1536
0
2048
1024
512
1024
2048
1032
1032
1024
1536
8
512
512
1024
1536
1536
1024
1024
2048
1024
512
3072
512
1536
1536
0
512
2048
1024
1024
2048
512
512
1024
512
8
512
0
512
1024
512
512
512
2056
2048
0
512
512
1536
2560
1040
0
1536
1024
2560
2560
1024
1024
512
1024
1024
512
512
1024
1536
1536
1024
2048
512
3072
512
1024
2560
512
512
1024
1024
1024
1024
512
0
512
1536
0
1536
1024
512
1536
512
1024
1024
1024
512
1024
0
3072
512
1032
1024
1536
512
1536
512
512
512
512
1024
2560
1024
512
1024
1536
1536
2048
1536
512
1536
2048
0
1024
1536
512
2568
1024
512
1024
512
512
512
512
1536
2048
512
1552
0
1536
512
520
2560
512
2560
512
1536
1536
2048
512
1024
0
1024
1536
1536
2048
2048
512
2048
1024
1032
512
2048
1024
1024
1024
1032
2560
0
1024
512
512
512
512
512
512
0
512
2568
1536
1024
520
0
512
1024
2048
1024
1544
2048
512
512
1536
1032
512
0
2048
0
0
2048
1024
3072
1024
0
512
512
1024
1536
1024
0
1024
1536
512
0
1536
1536
1024
512
512
512
512
512
512
1536
512
8
512
1024
8
0
8
2056
1024
1536
512
1536
1536
1536
1024
520
2048
0
1024
1544
512
0
1024
512
1024
1024
0
2056
3072
1024
512
2048
1024
520
1024
3072
0
1032
1024
1024
1024
1536
3584
1024
1536
1024
1024
512
1032
1536
3072
1024
1024
0
4096
0
1024
1024
8
1024
1024
512
1024
512
1536
3072
520
3080
512
1536
512
1024
1536
0
1536
1536
1024
2560
2560
0
1024
1536
1536
0
2056
4096
0
1024
0
512
512
512
1024
1024
1536
512
512
2048
8
0
512
512
2048
1536
2048
1024
1048
2056
0
1536
512
1024
2048
1536
1536
1024
2048
1536
0
0
2048
1024
512
0
1024
1024
512
512
512
512
1024
512
2064
1536
2560
3072
1544
1024
512
512
1024
512
1024
1536
2048
2048
1536
1536
512
1024
1536
1024
1024
1536
1024
1024
512
1024
1032
512
1024
512
0
1536
512
1536
520
0
1024
1536
1536
0
512
1536
2560
1536
1544
2056
1536
1544
0
1024
1024
512
1024
2048
1024
1032
0
1536
0
512
1536
0
2048
1536
1536
512
0
1536
512
0
1024
512
1536
0
1024
512
1024
1536
512
2048
2560
2048
0
1024
512
1024
3080
512
1536
512
2048
512
2048
512
1024
0
1024
1024
1544
512
0
1024
1024
3072
1024
1024
1536
2048
512
1536
1536
0
1536
0
512
512
2560
0
1024
512
1536
2048
512
1024
1024
1024
512
0
1536
2560
2048
512
520
1024
1536
512
8
1024
1024
2048
8
1024
1024
1024
2560
1024
2048
1536
1032
1024
512
512
512
528
1048
1024
0
0
1024
1024
512
1536
2048
1024
512
1024
1024
1024
2048
1024
0
2048
1024
0
2048
1536
0
1536
1536
1032
1024
2048
1024
1024
3072
2048
2048
1536
1024
1024
2048
0
2048
2048
512
2048
520
1024
512
1536
1536
1536
1544
1536
1024
0
1536
2560
0
1536
1536
8
1024
2560
8
2560
512
512
0
2048
512
1032
512
1024
512
0
1536
1024
0
1536
512
3072
1024
512
2048
1544
1024
512
1024
0
1032
0
1536
1536
512
1024
520
1536
512
512
1024
2048
1024
512
1024
2048
1024
1024
512
512
1024
3072
1024
0
1536
1544
0
0
2560
2056
1024
1536
0
3072
2560
1024
1024
2048
1024
1024
2048
512
1024
1536
1536
1024
528
1536
512
0
0
2056
1536
1024
1536
1536
512
1024
512
2048
1544
1024
1024
512
0
2048
512
1536
512
1024
1024
512
1024
1024
512
1024
1024
1536
