# cp_nz012f s0=12515 s1=111 s2=111 N=154197315(2^27.2002) rounds=10 trials=20 seed=42 t_start=100
# Q_b=C(s0,2)*W=5.837116e+15 (2^52.3742)  W=74542050 ; Q_a=Q_c=P2both*W (per trial)
T 100 0 0 0 0 0 0 900 883 77697003 10963919
T 101 0 0 0 0 0 0 929 867 77696537 10765469
T 102 0 0 0 0 0 0 861 865 77698026 10740727
T 103 0 0 0 0 0 0 864 878 77697477 10901590
T 104 0 0 0 0 0 0 810 901 77695927 11187244
T 105 0 0 0 0 0 0 855 875 77697139 10864448
T 106 0 0 0 0 0 0 898 861 77697094 10690489
T 107 0 0 0 0 0 0 877 870 77695151 10802058
T 108 0 0 0 0 0 0 851 860 77697129 10678306
T 109 0 0 0 0 0 0 877 867 77697429 10765194
T 110 0 0 0 0 0 0 846 853 77696908 10591310
T 111 0 0 0 0 0 0 857 878 77696848 10901613
T 112 0 0 0 0 0 0 851 884 77697349 10976412
T 113 0 0 0 0 0 0 920 858 77697639 10653524
T 114 0 0 0 0 0 0 855 855 77697570 10616589
T 115 0 0 0 0 0 0 909 872 77696976 10827812
T 116 0 0 0 0 0 0 863 916 77696367 11373208
T 117 0 0 0 0 0 0 900 838 77696618 10405021
T 118 0 0 0 0 0 0 879 869 77696769 10790027
T 119 0 0 0 0 0 0 870 902 77697355 11199586
# P_find a=0 b=0 c=0 a|b=0 a|c=0 b|c=0 a|b|c=0 of 20
