# cp_nz012f s0=12515 s1=111 s2=111 N=154197315(2^27.2002) rounds=10 trials=30 seed=42 t_start=210
# Q_b=C(s0,2)*W=5.837116e+15 (2^52.3742)  W=74542050 ; Q_a=Q_c=P2both*W (per trial)
T 210 0 0 0 0 0 0 950 858 77697301 10653640
T 211 0 0 0 0 0 0 886 806 77696028 10007742
T 212 0 0 0 0 0 0 914 859 77696229 10665964
T 213 0 0 0 0 0 0 834 883 77697435 10964020
T 214 0 0 0 0 0 0 863 903 77695281 11211668
T 215 0 0 0 0 0 0 881 906 77696933 11249881
T 216 0 0 0 0 0 0 882 862 77696943 10703001
T 217 0 0 0 0 0 0 929 843 77697059 10467446
T 218 0 0 0 0 0 0 912 896 77697369 11125011
T 219 0 0 0 0 0 0 933 862 77696821 10703186
T 220 0 0 0 0 0 0 972 859 77696707 10665600
T 221 0 0 0 0 0 0 845 864 77696879 10727479
T 222 0 0 0 0 0 0 887 875 77697196 10864390
T 223 0 0 0 0 0 0 908 854 77697926 10604278
T 224 0 0 0 0 0 0 918 895 77696462 11113036
T 225 0 0 0 0 0 0 869 874 77697228 10852327
T 226 0 0 0 0 0 0 856 865 77697949 10740632
T 227 0 0 0 0 0 0 905 908 77698172 11274371
T 228 0 0 0 0 0 0 896 839 77697003 10417466
T 229 0 0 0 0 0 0 939 850 77696331 10553956
T 230 0 0 0 0 0 0 879 860 77696351 10678035
T 231 0 0 0 0 0 0 905 866 77696497 10752448
T 232 0 0 0 0 0 0 881 820 77697649 10181567
T 233 0 0 0 0 0 0 923 830 77697258 10306337
T 234 0 0 0 0 0 0 851 888 77696729 11026052
T 235 0 0 0 0 0 0 931 909 77696881 11286608
T 236 0 0 0 0 0 0 883 851 77696676 10566614
T 237 0 0 0 0 0 0 832 840 77696803 10430103
T 238 0 0 0 0 0 0 880 926 77697499 11497741
T 239 0 0 0 0 0 0 896 862 77696750 10703188
# P_find a=0 b=0 c=0 a|b=0 a|c=0 b|c=0 a|b|c=0 of 30
