# cp_nz012f s0=12515 s1=111 s2=111 N=154197315(2^27.2002) rounds=10 trials=30 seed=42 t_start=90
# Q_b=C(s0,2)*W=5.837116e+15 (2^52.3742)  W=74542050 ; Q_a=Q_c=P2both*W (per trial)
T 90 0 0 0 0 0 0 924 914 77696434 11348391
T 91 0 0 0 0 0 0 863 931 77695937 11559723
T 92 0 0 0 0 0 0 858 911 77696512 11311416
T 93 0 0 0 0 0 0 871 811 77698177 10070250
T 94 0 0 0 0 0 0 873 872 77697450 10827427
T 95 0 0 0 0 0 0 865 873 77696999 10840003
T 96 0 0 0 0 0 0 892 875 77696768 10864573
T 97 0 0 0 0 0 0 969 874 77697229 10852481
T 98 0 0 0 0 0 0 846 837 77697207 10392752
T 99 0 0 0 0 0 0 861 871 77697673 10815054
