# cp_nz012f s0=12515 s1=111 s2=111 N=154197315(2^27.2002) rounds=10 trials=10 seed=42 t_start=20
# Q_b=C(s0,2)*W=5.837116e+15 (2^52.3742)  W=74542050 ; Q_a=Q_c=P2both*W (per trial)
T 20 0 0 0 0 0 0 902 882 77697631 10952015
T 21 0 0 0 0 0 0 890 913 77696923 11336415
T 22 0 0 0 0 0 0 912 889 77696654 11037979
T 23 0 0 0 0 0 0 893 866 77698390 10753502
T 24 0 0 0 0 0 0 911 853 77696905 10591243
T 25 0 0 0 0 0 0 868 865 77697157 10740671
T 26 0 0 0 0 0 0 888 897 77696276 11137625
T 27 0 0 0 0 0 0 917 867 77696961 10764764
T 28 0 0 0 0 0 0 873 836 77696746 10380356
T 29 0 0 0 0 0 0 951 821 77697331 10193636
# P_find a=0 b=0 c=0 a|b=0 a|c=0 b|c=0 a|b|c=0 of 10
