# cp_nz012f s0=12515 s1=111 s2=111 N=154197315(2^27.2002) rounds=10 trials=30 seed=42 t_start=240
# Q_b=C(s0,2)*W=5.837116e+15 (2^52.3742)  W=74542050 ; Q_a=Q_c=P2both*W (per trial)
T 240 0 0 0 0 0 0 925 828 77697337 10280973
T 241 0 0 0 0 0 0 845 890 77696000 11050670
T 242 0 0 0 0 0 0 903 872 77696657 10827470
T 243 0 0 0 0 0 0 920 888 77697036 11026385
T 244 0 0 0 0 0 0 851 825 77697092 10243642
T 245 0 0 0 0 0 0 946 864 77696251 10727499
T 246 0 0 0 0 0 0 872 946 77696888 11746061
T 247 0 0 0 0 0 0 896 889 77696501 11038148
T 248 0 0 0 0 0 0 888 871 77697346 10814591
T 249 0 0 0 0 0 0 905 894 77697459 11100332
T 250 0 0 0 0 0 0 895 833 77697388 10343274
T 251 0 0 0 0 0 0 855 863 77696684 10715388
T 252 0 0 0 0 0 0 909 836 77698618 10380577
T 253 0 0 0 0 0 0 898 807 77696908 10020366
T 254 0 0 0 0 0 0 928 927 77697326 11510670
T 255 0 0 0 0 0 0 956 854 77696539 10603858
T 256 0 0 0 0 0 0 880 858 77696738 10653301
T 257 0 0 0 0 0 0 891 830 77696892 10305936
T 258 0 0 0 0 0 0 871 880 77696794 10926896
T 259 0 0 0 0 0 0 900 822 77698349 10206701
T 260 0 0 0 0 0 0 875 830 77698045 10305936
T 261 0 0 0 0 0 0 899 934 77698227 11596841
T 262 0 0 0 0 0 0 877 855 77697356 10616193
T 263 0 0 0 0 0 0 857 906 77696857 11249169
T 264 0 0 0 0 0 0 867 872 77696212 10827487
T 265 0 0 0 0 0 0 917 926 77696827 11497999
T 266 0 0 0 0 0 0 907 851 77696688 10566353
T 267 0 0 0 0 0 0 871 852 77697254 10578639
T 268 0 0 0 0 0 0 867 832 77697855 10330796
T 269 0 0 0 0 0 0 828 851 77698002 10566744
# P_find a=0 b=0 c=0 a|b=0 a|c=0 b|c=0 a|b|c=0 of 30
