# cp_nz012f s0=12515 s1=111 s2=111 N=154197315(2^27.2002) rounds=10 trials=30 seed=42 t_start=180
# Q_b=C(s0,2)*W=5.837116e+15 (2^52.3742)  W=74542050 ; Q_a=Q_c=P2both*W (per trial)
T 180 0 0 0 0 0 0 835 805 77697161 9995236
T 181 0 0 0 0 0 0 853 869 77696142 10790142
T 182 0 0 0 0 0 0 919 860 77695883 10678330
T 183 0 0 0 0 0 0 962 853 77696931 10591558
T 184 0 0 0 0 0 0 849 841 77697227 10442332
T 185 0 0 0 0 0 0 860 893 77696860 11087551
T 186 0 0 0 0 0 0 862 840 77698139 10430015
T 187 0 0 0 0 0 0 865 893 77697505 11087622
T 188 0 0 0 0 0 0 926 890 77697610 11050483
T 189 0 0 0 0 0 0 882 913 77695830 11335833
T 190 0 0 0 0 0 0 870 874 77697766 10851744
T 191 0 0 0 0 0 0 919 837 77697171 10392996
T 192 0 0 0 0 0 0 924 861 77696663 10690867
T 193 0 0 0 0 0 0 872 838 77696577 10404926
T 194 0 0 0 0 0 0 862 866 77697609 10752529
T 195 0 0 0 0 0 0 899 869 77696740 10790030
T 196 0 0 0 0 0 0 890 820 77694901 10181408
T 197 0 0 0 0 0 0 977 861 77697308 10691344
T 198 0 0 0 0 0 0 948 844 77695939 10480006
T 199 0 0 0 0 0 0 887 907 77697222 11261931
T 200 0 0 0 0 0 0 868 846 77697694 10504158
T 201 0 0 0 0 0 0 869 830 77697130 10305814
T 202 0 0 0 0 0 0 928 909 77697159 11285992
T 203 0 0 0 0 0 0 940 939 77696678 11659113
T 204 0 0 0 0 0 0 841 941 77696354 11683322
T 205 0 0 0 0 0 0 873 910 77696123 11298502
T 206 0 0 0 0 0 0 900 837 77696496 10392660
T 207 0 0 0 0 0 0 903 851 77697551 10566555
T 208 0 0 0 0 0 0 911 882 77696569 10951723
T 209 0 0 0 0 0 0 884 885 77696846 10988775
# P_find a=0 b=0 c=0 a|b=0 a|c=0 b|c=0 a|b|c=0 of 30
