# cp_nz012f s0=12515 s1=111 s2=111 N=154197315(2^27.2002) rounds=10 trials=30 seed=42 t_start=30
# Q_b=C(s0,2)*W=5.837116e+15 (2^52.3742)  W=74542050 ; Q_a=Q_c=P2both*W (per trial)
T 30 0 0 0 0 0 0 922 910 77696032 11298778
T 31 0 0 0 0 0 0 895 877 77698187 10889254
T 32 0 0 0 0 0 0 878 903 77696986 11211908
T 33 0 0 0 0 0 0 879 869 77696853 10790277
T 34 0 0 0 0 0 0 886 885 77697456 10988826
T 35 0 0 0 0 0 0 820 940 77695949 11671760
T 36 0 0 0 0 0 0 892 892 77697120 11075726
T 37 0 0 0 0 0 0 873 879 77696875 10914260
T 38 0 0 0 0 0 0 849 879 77697393 10914283
T 39 0 0 0 0 0 0 910 939 77697104 11659631
T 40 0 0 0 0 0 0 858 842 77697117 10454469
T 41 0 0 0 0 0 0 932 892 77697489 11075876
T 42 0 0 0 0 0 0 889 890 77697476 11051120
T 43 0 0 0 0 0 0 876 852 77696717 10578605
T 44 0 0 0 0 0 0 898 873 77696454 10839770
T 45 0 0 0 0 0 0 863 893 77697814 11087914
T 46 0 0 0 0 0 0 888 875 77697376 10864758
