# cp_nz012f s0=12515 s1=111 s2=111 N=154197315(2^27.2002) rounds=10 trials=19 seed=42 t_start=71
# Q_b=C(s0,2)*W=5.837116e+15 (2^52.3742)  W=74542050 ; Q_a=Q_c=P2both*W (per trial)
T 71 0 0 0 0 0 0 876 893 77697836 11087886
T 72 0 0 0 0 0 0 880 838 77696673 10405079
T 73 0 0 0 0 0 0 915 858 77697598 10653299
T 74 0 0 0 0 0 0 859 896 77697077 11125130
T 75 0 0 0 0 0 0 890 818 77698157 10156832
T 76 0 0 0 0 0 0 937 888 77696336 11025652
T 77 0 0 0 0 0 0 846 927 77697856 11510645
T 78 0 0 0 0 0 0 902 880 77697229 10926872
T 79 0 0 0 0 0 0 909 923 77696524 11460824
T 80 0 0 0 0 0 0 881 880 77696697 10926627
T 81 0 0 0 0 0 0 909 875 77696609 10864064
T 82 0 0 0 0 0 0 914 870 77696888 10802107
T 83 0 0 0 0 0 0 904 934 77696566 11596737
T 84 0 0 0 0 0 0 876 862 77696744 10703519
T 85 0 0 0 0 0 0 862 868 77697198 10777332
T 86 0 0 0 0 0 0 892 869 77696493 10790034
T 87 0 0 0 0 0 0 857 947 77697214 11758400
T 88 0 0 0 0 0 0 863 860 77695904 10678133
T 89 0 0 0 0 0 0 877 891 77698117 11063353
# P_find a=0 b=0 c=0 a|b=0 a|c=0 b|c=0 a|b|c=0 of 19
