# cp_nz012f s0=12515 s1=111 s2=111 N=154197315(2^27.2002) rounds=10 trials=30 seed=42 t_start=270
# Q_b=C(s0,2)*W=5.837116e+15 (2^52.3742)  W=74542050 ; Q_a=Q_c=P2both*W (per trial)
T 270 0 0 0 0 0 0 917 875 77697307 10864439
T 271 0 0 0 0 0 0 877 869 77696917 10789949
T 272 0 0 0 0 0 0 871 899 77698007 11162623
T 273 0 0 0 0 0 0 880 916 77697537 11373665
T 274 0 0 0 0 0 0 919 901 77696141 11187292
T 275 0 0 0 0 0 0 874 894 77696967 11100958
T 276 0 0 0 0 0 0 867 847 77697536 10516579
T 277 0 0 0 0 0 0 847 892 77696535 11075816
T 278 0 0 0 0 0 0 939 877 77696693 10889215
T 279 0 0 0 0 0 0 867 913 77697406 11336736
T 280 0 0 0 0 0 0 841 853 77696415 10591740
T 281 0 0 0 0 0 0 862 877 77696950 10889393
T 282 0 0 0 0 0 0 847 904 77697371 11224015
T 283 0 0 0 0 0 0 926 827 77696885 10268449
T 284 0 0 0 0 0 0 908 871 77697767 10814737
T 285 0 0 0 0 0 0 841 820 77696322 10181649
T 286 0 0 0 0 0 0 909 870 77696299 10802495
T 287 0 0 0 0 0 0 954 879 77696860 10914310
T 288 0 0 0 0 0 0 856 875 77696617 10863848
T 289 0 0 0 0 0 0 938 895 77697282 11112763
T 290 0 0 0 0 0 0 904 837 77696689 10392258
T 291 0 0 0 0 0 0 887 884 77697408 10976501
T 292 0 0 0 0 0 0 864 846 77696798 10504243
T 293 0 0 0 0 0 0 887 879 77697132 10914316
T 294 0 0 0 0 0 0 887 885 77697026 10989230
T 295 0 0 0 0 0 0 864 923 77698125 11461063
T 296 0 0 0 0 0 0 917 911 77696401 11311151
T 297 0 0 0 0 0 0 839 825 77696958 10243317
T 298 0 0 0 0 0 0 915 884 77696892 10976521
T 299 0 0 0 0 0 0 911 844 77696664 10479686
# P_find a=0 b=0 c=0 a|b=0 a|c=0 b|c=0 a|b|c=0 of 30
