# cp_nz012f s0=12515 s1=111 s2=111 N=154197315(2^27.2002) rounds=10 trials=30 seed=42 t_start=150
# Q_b=C(s0,2)*W=5.837116e+15 (2^52.3742)  W=74542050 ; Q_a=Q_c=P2both*W (per trial)
T 150 0 0 0 0 0 0 861 901 77695366 11186765
T 151 0 0 0 0 0 0 878 859 77697778 10666055
T 152 0 0 0 0 0 0 836 851 77697600 10566668
T 153 0 0 0 0 0 0 876 832 77697172 10331292
T 154 0 0 0 0 0 0 832 845 77697163 10491588
T 155 0 0 0 0 0 0 886 853 77697309 10591184
T 156 0 0 0 0 0 0 872 831 77696183 10318314
T 157 0 0 0 0 0 0 895 828 77696461 10280761
T 158 0 0 0 0 0 0 834 863 77696005 10716229
T 159 0 0 0 0 0 0 916 807 77696650 10019956
T 160 0 0 0 0 0 0 903 848 77696639 10529207
T 161 0 0 0 0 0 0 885 887 77696891 11013791
T 162 0 0 0 0 0 0 818 889 77697533 11038819
T 163 0 0 0 0 0 0 857 883 77696814 10964013
T 164 0 0 0 0 0 0 892 855 77697390 10616339
T 165 0 0 0 0 0 0 909 882 77696359 10951092
T 166 0 0 0 0 0 0 940 854 77697637 10604141
T 167 0 0 0 0 0 0 912 866 77697603 10752565
T 168 0 0 0 0 0 0 865 848 77697521 10529733
T 169 0 0 0 0 0 0 899 962 77697901 11944667
T 170 0 0 0 0 0 0 893 899 77697965 11162746
T 171 0 0 0 0 0 0 900 860 77696381 10678531
T 172 0 0 0 0 0 0 875 865 77696223 10740250
T 173 0 0 0 0 0 0 927 839 77696704 10417527
T 174 0 0 0 0 0 0 876 827 77696375 10268433
T 175 0 0 0 0 0 0 940 864 77695300 10727658
T 176 0 0 0 0 0 0 881 876 77697340 10876853
T 177 0 0 0 0 0 0 886 871 77696915 10814898
T 178 0 0 0 0 0 0 915 866 77697003 10752433
T 179 0 0 0 0 0 0 893 862 77698384 10703390
# P_find a=0 b=0 c=0 a|b=0 a|c=0 b|c=0 a|b|c=0 of 30
