# cp_nz012f s0=12515 s1=111 s2=111 N=154197315(2^27.2002) rounds=10 trials=13 seed=42 t_start=47
# Q_b=C(s0,2)*W=5.837116e+15 (2^52.3742)  W=74542050 ; Q_a=Q_c=P2both*W (per trial)
T 47 0 0 0 0 0 0 932 846 77697084 10504226
T 48 0 0 0 0 0 0 878 880 77697814 10926491
T 49 0 0 0 0 0 0 892 920 77696879 11423593
T 50 0 0 0 0 0 0 854 866 77695984 10752608
T 51 0 0 0 0 0 0 936 863 77696154 10715849
T 52 0 0 0 0 0 0 901 827 77697374 10268602
T 53 0 0 0 0 0 0 927 835 77697303 10368213
T 54 0 0 0 0 0 0 913 888 77697250 11025782
T 55 0 0 0 0 0 0 857 871 77696700 10814841
T 56 0 0 0 0 0 0 864 862 77697490 10703331
T 57 0 0 0 0 0 0 875 843 77697438 10467144
T 58 0 0 0 0 0 0 902 869 77697403 10790139
T 59 0 0 0 0 0 0 919 847 77697378 10517342
# P_find a=0 b=0 c=0 a|b=0 a|c=0 b|c=0 a|b|c=0 of 13
