# cp_nz012f s0=12515 s1=111 s2=111 N=154197315(2^27.2002) rounds=10 trials=30 seed=42 t_start=0
# Q_b=C(s0,2)*W=5.837116e+15 (2^52.3742)  W=74542050 ; Q_a=Q_c=P2both*W (per trial)
T 0 0 0 0 0 0 0 868 824 77696996 10231861
T 1 0 0 0 0 0 0 845 872 77694885 10826750
T 2 0 0 0 0 0 0 876 893 77697339 11088282
T 3 0 0 0 0 0 0 899 909 77696209 11286485
T 4 0 0 0 0 0 0 913 932 77695884 11572208
T 5 0 0 0 0 0 0 895 894 77696509 11100293
T 6 0 0 0 0 0 0 852 879 77697902 10914454
T 7 0 0 0 0 0 0 896 869 77696499 10790005
T 8 0 0 0 0 0 0 932 854 77696310 10604171
T 9 0 0 0 0 0 0 862 849 77696214 10541741
T 10 0 0 0 0 0 0 866 836 77698039 10380444
T 11 0 0 0 0 0 0 913 823 77696703 10218832
T 12 0 0 0 0 0 0 932 907 77697314 11261530
T 13 0 0 0 0 0 0 921 802 77696864 9957917
T 14 0 0 0 0 0 0 941 835 77697100 10368015
T 15 0 0 0 0 0 0 902 834 77696403 10355183
T 16 0 0 0 0 0 0 879 905 77697390 11237071
T 17 0 0 0 0 0 0 846 886 77696264 11001228
T 18 0 0 0 0 0 0 907 828 77697365 10281106
T 19 0 0 0 0 0 0 835 809 77697335 10044911
