# cp_nz012f s0=12515 s1=111 s2=111 N=154197315(2^27.2002) rounds=10 trials=30 seed=42 t_start=120
# Q_b=C(s0,2)*W=5.837116e+15 (2^52.3742)  W=74542050 ; Q_a=Q_c=P2both*W (per trial)
T 120 0 0 0 0 0 0 828 851 77696206 10566134
T 121 0 0 0 0 0 0 870 887 77697389 11013861
T 122 0 0 0 0 0 0 937 828 77696518 10280307
T 123 0 0 0 0 0 0 892 915 77697479 11360832
T 124 0 0 0 0 0 0 867 839 77697777 10417486
T 125 0 0 0 0 0 0 908 873 77697863 10839689
T 126 0 0 0 0 0 0 850 843 77696652 10467357
T 127 0 0 0 0 0 0 868 880 77697633 10926839
T 128 0 0 0 0 0 0 926 920 77697129 11422598
T 129 0 0 0 0 0 0 940 863 77698315 10715883
T 130 0 0 0 0 0 0 949 905 77697583 11236895
T 131 0 0 0 0 0 0 878 864 77695837 10728094
T 132 0 0 0 0 0 0 951 880 77697457 10926756
T 133 0 0 0 0 0 0 914 855 77698039 10616226
T 134 0 0 0 0 0 0 924 806 77695991 10007842
T 135 0 0 0 0 0 0 875 868 77697069 10777403
T 136 0 0 0 0 0 0 917 857 77697298 10641388
T 137 0 0 0 0 0 0 920 899 77695508 11162419
T 138 0 0 0 0 0 0 877 903 77696543 11212120
T 139 0 0 0 0 0 0 892 897 77696782 11137783
T 140 0 0 0 0 0 0 862 856 77697304 10628978
T 141 0 0 0 0 0 0 930 834 77697792 10355858
T 142 0 0 0 0 0 0 875 860 77698416 10678550
T 143 0 0 0 0 0 0 924 857 77697426 10641827
T 144 0 0 0 0 0 0 903 835 77697018 10367841
T 145 0 0 0 0 0 0 910 898 77696005 11149991
T 146 0 0 0 0 0 0 939 872 77696560 10827499
T 147 0 0 0 0 0 0 893 850 77696454 10553933
T 148 0 0 0 0 0 0 915 880 77696620 10926784
T 149 0 0 0 0 0 0 905 881 77696401 10939085
# P_find a=0 b=0 c=0 a|b=0 a|c=0 b|c=0 a|b|c=0 of 30
