# cp_nz012f s0=12515 s1=111 s2=111 N=154197315(2^27.2002) rounds=10 trials=30 seed=42 t_start=60
# Q_b=C(s0,2)*W=5.837116e+15 (2^52.3742)  W=74542050 ; Q_a=Q_c=P2both*W (per trial)
T 60 0 0 0 0 0 0 897 880 77696905 10926724
T 61 0 0 0 0 0 0 881 863 77696740 10715827
T 62 0 0 0 0 0 0 838 855 77696932 10616631
T 63 0 0 0 0 0 0 835 888 77697380 11026004
T 64 0 0 0 0 0 0 924 888 77697316 11026038
T 65 0 0 0 0 0 0 907 875 77697059 10864607
T 66 0 0 0 0 0 0 879 895 77697753 11113358
T 67 0 0 0 0 0 0 869 816 77695655 10132152
T 68 0 0 0 0 0 0 964 896 77695968 11124995
T 69 0 0 0 0 0 0 923 812 77697577 10081941
T 70 0 0 0 0 0 0 829 859 77697131 10665735
