# cp_nz012f s0=8390 s1=91 s2=91 N=69477590(2^26.0500) rounds=5 trials=30 seed=42 t_start=90
# Q_b=C(s0,2)*W=1.180266e+15 (2^50.0680)  W=33538050 ; Q_a=Q_c=P2both*W (per trial)
T 90 1 0 1 2 0 2 259 261 34918308 2172469
T 91 0 0 0 0 0 0 264 265 34917056 2205493
T 92 0 0 1 0 0 2 269 251 34917813 2089197
T 93 0 1 0 0 2 0 280 264 34919231 2197431
T 94 1 1 0 2 2 0 286 285 34918386 2372139
T 95 0 1 1 0 2 2 259 273 34918016 2272496
T 96 1 0 0 2 0 0 271 277 34918130 2305649
T 97 0 0 0 0 0 0 258 263 34918064 2189132
T 98 0 0 0 0 0 0 251 267 34917738 2222785
T 99 0 0 2 0 0 4 261 280 34918042 2330611
T 100 0 0 0 0 0 0 265 256 34918235 2130758
T 101 0 0 0 0 0 0 277 264 34917557 2197231
T 102 1 1 1 2 2 2 270 296 34917946 2463791
T 103 1 1 0 2 2 0 284 291 34917844 2421958
T 104 0 0 0 0 0 0 262 252 34918219 2097589
T 105 0 1 3 0 2 6 240 297 34918166 2472084
T 106 0 0 0 0 0 0 280 245 34918122 2039339
T 107 0 0 1 0 0 2 265 267 34916999 2222574
T 108 0 0 0 0 0 0 256 255 34918071 2122619
T 109 0 0 0 0 0 0 269 226 34917960 1881138
T 110 0 1 0 0 2 0 259 282 34917714 2347486
T 111 0 0 0 0 0 0 235 239 34917343 1989119
T 112 0 0 0 0 0 0 281 237 34918167 1972723
T 113 0 0 0 0 0 0 277 252 34918092 2097456
T 114 1 0 0 2 0 0 277 262 34917880 2180858
T 115 0 1 0 0 2 0 252 262 34918553 2180917
T 116 0 0 0 0 0 0 288 251 34917670 2089322
T 117 0 1 0 0 2 0 293 265 34917223 2205762
T 118 0 0 0 0 0 0 260 231 34917703 1922713
T 119 0 0 0 0 0 0 236 234 34918733 1947792
# P_find a=6 b=9 c=7 a|b=12 a|c=11 b|c=13 a|b|c=15 of 30
