# cp_nz012f s0=8390 s1=91 s2=91 N=69477590(2^26.0500) rounds=5 trials=30 seed=42 t_start=0
# Q_b=C(s0,2)*W=1.180266e+15 (2^50.0680)  W=33538050 ; Q_a=Q_c=P2both*W (per trial)
T 0 0 0 2 0 0 4 272 250 34917674 2080792
T 1 0 0 0 0 0 0 252 265 34917108 2205628
T 2 0 0 0 0 0 0 299 250 34918407 2080894
T 3 0 0 0 0 0 0 269 256 34917094 2130911
T 4 0 0 0 0 0 0 253 227 34917856 1889442
T 5 0 0 0 0 0 0 264 251 34917733 2089352
T 6 0 0 0 0 0 0 272 256 34918282 2130871
T 7 1 0 1 2 0 2 247 272 34917652 2264256
T 8 1 0 0 2 0 0 300 267 34917866 2222317
T 9 1 0 0 2 0 0 284 248 34918000 2064347
T 10 0 0 0 0 0 0 241 235 34918919 1956124
T 11 0 1 0 0 2 0 298 289 34918618 2405562
T 12 0 1 0 0 2 0 287 273 34918539 2272527
T 13 1 1 0 2 2 0 274 288 34918349 2397268
T 14 1 1 0 2 2 0 290 263 34917358 2189035
T 15 0 0 0 0 0 0 279 254 34917670 2114183
T 16 1 0 0 2 0 0 265 298 34918083 2480428
T 17 0 0 1 0 0 2 262 243 34916969 2022686
T 18 0 0 0 0 0 0 300 272 34917851 2264022
T 19 0 1 0 0 2 0 299 281 34918591 2339099
T 20 0 0 0 0 0 0 258 288 34918587 2397290
T 21 0 0 2 0 0 4 250 267 34917494 2222496
T 22 0 1 0 0 2 0 261 273 34917132 2272359
T 23 0 0 2 0 0 4 250 266 34919088 2214196
T 24 0 0 0 0 0 0 248 257 34917165 2139022
T 25 0 1 0 0 2 0 258 267 34917745 2222461
T 26 0 0 1 0 0 2 293 264 34918236 2197525
T 27 0 0 0 0 0 0 267 266 34917804 2214297
T 28 1 0 0 2 0 0 273 282 34918069 2347368
T 29 0 0 0 0 0 0 275 299 34918569 2488828
# P_find a=7 b=7 c=6 a|b=12 a|c=12 b|c=13 a|b|c=17 of 30
