# cp_nz012f s0=8390 s1=91 s2=91 N=69477590(2^26.0500) rounds=5 trials=30 seed=42 t_start=240
# Q_b=C(s0,2)*W=1.180266e+15 (2^50.0680)  W=33538050 ; Q_a=Q_c=P2both*W (per trial)
T 240 0 0 0 0 0 0 267 263 34918457 2189099
T 241 0 0 1 0 0 2 260 270 34917732 2247318
T 242 0 0 0 0 0 0 276 245 34917796 2039245
T 243 0 0 0 0 0 0 265 263 34918217 2189229
T 244 0 0 1 0 0 2 285 287 34918047 2389033
T 245 0 0 1 0 0 2 275 228 34917548 1897813
T 246 0 0 1 0 0 2 227 238 34918279 1981015
T 247 0 1 0 0 2 0 270 257 34917695 2139275
T 248 0 0 0 0 0 0 297 283 34918290 2355788
T 249 0 0 1 0 0 2 268 269 34918463 2238897
T 250 1 0 0 2 0 0 247 264 34918002 2197568
T 251 1 0 0 2 0 0 283 254 34917865 2114179
T 252 0 1 0 0 2 0 291 251 34918721 2089169
T 253 1 1 1 2 2 2 252 264 34918557 2197623
T 254 0 0 0 0 0 0 269 254 34917588 2114432
T 255 0 0 0 0 0 0 258 258 34918143 2147392
T 256 0 0 0 0 0 0 284 275 34917619 2289015
T 257 0 0 0 0 0 0 284 266 34917224 2214128
T 258 0 0 1 0 0 2 292 257 34917588 2139119
T 259 0 2 0 0 4 0 243 258 34918643 2147612
T 260 0 0 1 0 0 2 260 258 34918379 2147422
T 261 0 0 0 0 0 0 249 254 34917844 2114154
T 262 0 0 1 0 0 2 277 262 34918724 2180666
T 263 0 0 0 0 0 0 285 217 34918836 1806203
T 264 1 1 0 2 2 0 306 268 34917690 2230729
T 265 0 0 0 0 0 0 264 256 34917686 2130768
T 266 0 1 0 0 2 0 281 266 34917907 2214094
T 267 0 0 0 0 0 0 269 266 34918290 2214137
T 268 0 0 0 0 0 0 266 267 34918750 2222470
T 269 1 0 0 2 0 0 237 268 34918146 2230887
# P_find a=5 b=6 c=9 a|b=9 a|c=13 b|c=14 a|b|c=17 of 30
