# cp_nz012f s0=8390 s1=91 s2=91 N=69477590(2^26.0500) rounds=5 trials=30 seed=42 t_start=180
# Q_b=C(s0,2)*W=1.180266e+15 (2^50.0680)  W=33538050 ; Q_a=Q_c=P2both*W (per trial)
T 180 0 0 0 0 0 0 247 267 34918092 2222310
T 181 0 0 1 0 0 2 302 277 34917427 2305381
T 182 1 0 0 2 0 0 291 249 34917895 2072524
T 183 0 0 0 0 0 0 274 257 34918537 2139343
T 184 0 0 0 0 0 0 262 265 34917717 2205780
T 185 0 0 0 0 0 0 291 244 34917563 2031065
T 186 0 0 0 0 0 0 285 266 34919448 2214237
T 187 0 0 0 0 0 0 296 279 34918370 2322265
T 188 0 0 0 0 0 0 264 251 34918547 2089077
T 189 0 1 0 0 2 0 266 282 34917778 2347287
T 190 1 0 0 2 0 0 286 259 34917990 2156091
T 191 0 1 0 0 2 0 239 263 34918208 2189361
T 192 0 0 1 0 0 2 266 244 34918073 2030944
T 193 1 0 1 2 0 2 269 247 34917128 2056194
T 194 0 0 0 0 0 0 265 259 34918586 2155649
T 195 0 0 0 0 0 0 262 244 34917916 2030967
T 196 0 0 0 0 0 0 295 315 34917306 2621853
T 197 0 0 0 0 0 0 240 237 34918130 1972689
T 198 0 0 0 0 0 0 271 259 34917204 2155776
T 199 0 0 0 0 0 0 246 252 34918192 2097318
T 200 0 1 1 0 2 2 280 276 34919073 2297360
T 201 0 0 1 0 0 2 210 239 34918415 1989263
T 202 0 0 0 0 0 0 289 256 34918310 2131018
T 203 0 0 2 0 0 4 261 288 34917483 2397180
T 204 0 0 0 0 0 0 273 252 34918003 2097513
T 205 4 0 0 8 0 0 291 248 34916785 2064128
T 206 0 0 0 0 0 0 294 254 34917589 2114092
T 207 0 0 0 0 0 0 283 275 34918072 2288927
T 208 0 0 0 0 0 0 242 240 34917960 1997784
T 209 0 1 0 0 2 0 273 311 34918227 2588872
# P_find a=4 b=4 c=6 a|b=8 a|c=9 b|c=9 a|b|c=12 of 30
