# cp_nz012f s0=8390 s1=91 s2=91 N=69477590(2^26.0500) rounds=5 trials=30 seed=42 t_start=30
# Q_b=C(s0,2)*W=1.180266e+15 (2^50.0680)  W=33538050 ; Q_a=Q_c=P2both*W (per trial)
T 30 1 0 0 2 0 0 255 275 34917503 2288993
T 31 0 0 0 0 0 0 272 237 34918512 1972513
T 32 0 0 0 0 0 0 252 269 34917851 2239047
T 33 0 0 0 0 0 0 291 259 34918030 2155603
T 34 0 0 0 0 0 0 265 290 34918080 2413968
T 35 0 0 0 0 0 0 290 268 34917270 2230401
T 36 0 2 0 0 4 0 293 290 34917695 2413871
T 37 0 0 0 0 0 0 244 237 34917672 1972657
T 38 0 0 1 0 0 2 273 273 34919405 2272616
T 39 0 0 2 0 0 4 271 249 34918287 2072656
T 40 1 0 1 2 0 2 281 261 34917831 2172491
T 41 1 0 0 2 0 0 273 276 34918204 2297193
T 42 0 1 0 0 2 0 277 267 34917972 2222567
T 43 0 0 1 0 0 2 227 261 34917742 2172662
T 44 0 0 1 0 0 2 262 274 34917478 2280868
T 45 0 0 0 0 0 0 260 251 34917693 2089291
T 46 0 0 0 0 0 0 268 263 34918169 2189056
T 47 0 0 0 0 0 0 264 240 34918036 1997857
T 48 0 1 0 0 2 0 278 270 34918591 2247373
T 49 1 1 0 2 2 0 241 228 34918136 1897816
T 50 1 0 1 2 0 2 276 228 34917386 1897575
T 51 0 0 3 0 0 6 249 239 34917587 1989288
T 52 0 0 0 0 0 0 289 259 34918868 2155996
T 53 1 0 0 2 0 0 273 268 34918063 2230722
T 54 4 1 1 8 2 2 305 246 34918179 2047650
T 55 0 0 0 0 0 0 259 280 34917692 2330755
T 56 1 0 0 2 0 0 298 265 34918137 2205644
T 57 0 0 0 0 0 0 289 265 34918404 2205773
T 58 0 1 1 0 2 2 242 273 34917972 2272289
T 59 1 0 0 2 0 0 273 257 34917956 2139180
# P_find a=9 b=6 c=9 a|b=13 a|c=15 b|c=13 a|b|c=18 of 30
