# cp_nz012f s0=8390 s1=91 s2=91 N=69477590(2^26.0500) rounds=5 trials=30 seed=42 t_start=60
# Q_b=C(s0,2)*W=1.180266e+15 (2^50.0680)  W=33538050 ; Q_a=Q_c=P2both*W (per trial)
T 60 0 0 2 0 0 4 269 272 34917898 2263913
T 61 0 0 0 0 0 0 267 267 34917994 2222648
T 62 0 0 0 0 0 0 305 240 34917419 1997739
T 63 0 0 1 0 0 2 246 260 34918364 2164254
T 64 0 0 0 0 0 0 281 267 34918274 2222480
T 65 0 0 0 0 0 0 256 258 34917588 2147315
T 66 1 0 1 2 0 2 269 251 34918191 2089330
T 67 0 0 1 0 0 2 276 256 34917644 2130861
T 68 0 0 0 0 0 0 244 252 34917430 2097430
T 69 0 0 0 0 0 0 244 284 34918678 2363984
T 70 0 0 0 0 0 0 294 246 34917625 2047475
T 71 0 1 0 0 2 0 264 272 34918602 2264199
T 72 0 0 0 0 0 0 255 261 34917927 2172488
T 73 1 0 0 2 0 0 284 262 34918413 2180950
T 74 0 0 0 0 0 0 241 277 34918663 2305833
T 75 0 0 0 0 0 0 246 276 34918903 2297297
T 76 0 0 0 0 0 0 273 267 34917650 2222473
T 77 0 0 0 0 0 0 264 266 34918401 2214333
T 78 1 0 0 2 0 0 271 248 34918003 2064360
T 79 0 1 0 0 2 0 242 281 34918013 2338906
T 80 1 0 0 2 0 0 259 246 34917591 2047601
T 81 0 0 2 0 0 4 278 281 34917697 2339151
T 82 0 0 0 0 0 0 296 215 34918682 1789687
T 83 0 1 0 0 2 0 277 245 34918466 2039278
T 84 1 0 0 2 0 0 268 244 34918239 2030904
T 85 0 0 0 0 0 0 271 267 34917640 2222248
T 86 0 0 1 0 0 2 298 265 34917236 2205512
T 87 0 0 1 0 0 2 269 266 34918081 2214235
T 88 0 0 0 0 0 0 307 275 34917578 2288893
T 89 0 0 0 0 0 0 262 288 34918884 2397193
# P_find a=5 b=3 c=7 a|b=8 a|c=11 b|c=10 a|b|c=14 of 30
