# cp_nz012f s0=8390 s1=91 s2=91 N=69477590(2^26.0500) rounds=5 trials=30 seed=42 t_start=270
# Q_b=C(s0,2)*W=1.180266e+15 (2^50.0680)  W=33538050 ; Q_a=Q_c=P2both*W (per trial)
T 270 0 0 0 0 0 0 256 255 34918064 2122854
T 271 0 0 0 0 0 0 283 268 34917668 2230733
T 272 0 0 1 0 0 2 271 263 34918831 2189040
T 273 1 0 0 2 0 0 272 250 34919060 2080993
T 274 0 0 1 0 0 2 278 273 34916986 2272387
T 275 0 0 0 0 0 0 275 266 34918302 2214056
T 276 0 0 0 0 0 0 245 255 34918572 2122585
T 277 0 1 0 0 2 0 310 262 34917310 2180762
T 278 0 0 0 0 0 0 256 283 34918140 2355676
T 279 1 0 0 2 0 0 268 263 34918363 2189064
T 280 0 0 0 0 0 0 280 299 34917267 2488848
T 281 0 1 1 0 2 2 291 269 34917640 2238975
T 282 0 0 1 0 0 2 271 250 34917695 2081183
T 283 0 0 1 0 0 2 255 293 34918074 2439080
T 284 0 0 0 0 0 0 284 267 34918453 2222293
T 285 0 0 0 0 0 0 296 276 34918064 2297616
T 286 0 0 0 0 0 0 282 261 34917597 2172238
T 287 1 0 0 2 0 0 293 259 34917839 2155885
T 288 0 0 1 0 0 2 271 269 34917878 2238921
T 289 0 0 1 0 0 2 249 264 34918705 2197487
T 290 0 0 0 0 0 0 273 271 34917425 2255788
T 291 0 1 1 0 2 2 247 243 34918205 2022893
T 292 2 1 0 4 2 0 279 265 34918250 2205764
T 293 0 0 1 0 0 2 251 264 34918615 2197703
T 294 0 0 0 0 0 0 272 270 34917235 2247387
T 295 2 0 0 4 0 0 306 257 34918332 2139125
T 296 0 1 1 0 2 2 278 274 34917736 2280500
T 297 0 0 0 0 0 0 263 320 34917654 2663724
T 298 0 0 0 0 0 0 270 263 34917847 2189090
T 299 0 0 1 0 0 2 271 246 34917184 2047401
# P_find a=5 b=5 c=11 a|b=9 a|c=16 b|c=13 a|b|c=17 of 30
