# cp_nz012f s0=8390 s1=91 s2=91 N=69477590(2^26.0500) rounds=5 trials=30 seed=42 t_start=120
# Q_b=C(s0,2)*W=1.180266e+15 (2^50.0680)  W=33538050 ; Q_a=Q_c=P2both*W (per trial)
T 120 0 0 1 0 0 2 268 269 34918177 2238899
T 121 0 0 1 0 0 2 275 268 34918167 2230606
T 122 1 0 0 2 0 0 272 295 34917449 2455323
T 123 0 0 0 0 0 0 286 238 34918499 1981272
T 124 3 0 0 6 0 0 279 257 34918834 2139392
T 125 1 0 0 2 0 0 284 246 34917939 2047515
T 126 0 0 0 0 0 0 275 257 34917662 2139215
T 127 0 0 0 0 0 0 269 254 34918411 2114189
T 128 0 0 0 0 0 0 272 240 34918043 1997515
T 129 0 0 1 0 0 2 262 248 34918555 2064172
T 130 0 0 3 0 0 6 277 218 34918113 1814550
T 131 0 0 0 0 0 0 259 263 34917734 2189305
T 132 0 1 0 0 2 0 256 285 34918440 2372125
T 133 0 0 0 0 0 0 269 259 34918153 2155875
T 134 0 0 0 0 0 0 254 233 34916970 1939332
T 135 0 1 0 0 2 0 248 262 34917912 2180736
T 136 0 0 0 0 0 0 264 263 34917715 2189126
T 137 1 0 0 2 0 0 270 246 34917209 2047471
T 138 0 0 0 0 0 0 268 281 34917879 2339247
T 139 1 0 0 2 0 0 251 264 34917988 2197207
T 140 1 0 0 2 0 0 242 279 34918164 2322359
T 141 1 0 0 2 0 0 265 285 34918319 2372063
T 142 0 0 0 0 0 0 293 268 34919190 2230686
T 143 0 0 0 0 0 0 264 274 34918167 2280621
T 144 0 1 0 0 2 0 260 275 34917926 2288797
T 145 0 0 0 0 0 0 250 272 34917666 2263979
T 146 0 0 0 0 0 0 271 283 34917877 2355615
T 147 0 1 0 0 2 0 271 251 34917715 2089284
T 148 1 2 0 2 4 0 265 258 34917601 2147352
T 149 0 0 0 0 0 0 254 241 34918036 2005969
# P_find a=8 b=5 c=4 a|b=12 a|c=12 b|c=9 a|b|c=16 of 30
