# cp_nz012f s0=8390 s1=91 s2=91 N=69477590(2^26.0500) rounds=5 trials=30 seed=42 t_start=210
# Q_b=C(s0,2)*W=1.180266e+15 (2^50.0680)  W=33538050 ; Q_a=Q_c=P2both*W (per trial)
T 210 0 0 0 0 0 0 253 265 34918653 2205822
T 211 1 0 0 2 0 0 319 267 34917611 2222501
T 212 0 0 0 0 0 0 227 255 34917528 2122514
T 213 0 0 1 0 0 2 263 262 34918159 2180790
T 214 0 0 0 0 0 0 239 255 34917708 2122595
T 215 0 0 0 0 0 0 275 244 34918492 2031001
T 216 0 1 0 0 2 0 236 242 34917596 2014124
T 217 0 0 0 0 0 0 282 242 34917785 2014271
T 218 0 0 0 0 0 0 245 266 34918394 2214172
T 219 1 0 0 2 0 0 271 258 34918259 2147661
T 220 1 0 1 2 0 2 256 286 34917537 2380843
T 221 0 0 0 0 0 0 251 272 34917585 2263980
T 222 0 0 0 0 0 0 246 251 34918436 2089215
T 223 0 0 0 0 0 0 284 257 34918624 2139223
T 224 0 1 0 0 2 0 274 277 34917438 2305746
T 225 0 0 0 0 0 0 255 254 34918037 2114188
T 226 0 0 0 0 0 0 274 272 34918340 2264105
T 227 0 1 1 0 2 2 265 241 34918996 2006255
T 228 1 0 0 2 0 0 295 253 34918222 2106000
T 229 1 0 0 2 0 0 287 258 34918108 2147736
T 230 1 0 0 2 0 0 258 260 34917570 2164071
T 231 0 0 0 0 0 0 264 267 34917032 2222503
T 232 0 0 0 0 0 0 238 252 34917929 2097645
T 233 0 0 0 0 0 0 270 247 34917871 2055935
T 234 0 0 0 0 0 0 257 262 34917961 2180835
T 235 0 1 0 0 2 0 240 277 34918637 2305632
T 236 1 0 1 2 0 2 259 278 34917512 2313975
T 237 1 0 1 2 0 2 259 282 34918411 2347181
T 238 0 0 0 0 0 0 272 213 34919240 1772960
T 239 0 1 0 0 2 0 274 248 34917913 2064450
# P_find a=8 b=5 c=5 a|b=13 a|c=10 b|c=9 a|b|c=14 of 30
