# cp_nz012f s0=8390 s1=91 s2=91 N=69477590(2^26.0500) rounds=5 trials=30 seed=42 t_start=150
# Q_b=C(s0,2)*W=1.180266e+15 (2^50.0680)  W=33538050 ; Q_a=Q_c=P2both*W (per trial)
T 150 0 0 0 0 0 0 263 261 34916590 2172429
T 151 0 0 0 0 0 0 275 235 34919113 1956149
T 152 1 0 1 2 0 2 278 288 34918378 2397267
T 153 0 0 0 0 0 0 284 247 34918141 2055972
T 154 0 0 0 0 0 0 254 295 34918173 2455478
T 155 1 0 1 2 0 2 278 238 34918098 1981032
T 156 0 0 3 0 0 6 301 264 34917726 2197529
T 157 0 0 0 0 0 0 297 251 34918147 2089637
T 158 4 0 1 8 0 2 286 289 34917558 2405652
T 159 0 0 1 0 0 2 258 248 34917667 2064489
T 160 0 1 0 0 2 0 270 252 34917470 2097686
T 161 0 0 1 0 0 2 245 258 34917760 2147485
T 162 0 0 0 0 0 0 303 271 34917795 2255805
T 163 1 0 0 2 0 0 266 271 34918419 2255800
T 164 0 0 0 0 0 0 270 264 34918160 2197489
T 165 0 0 0 0 0 0 265 232 34916751 1931089
T 166 1 0 2 2 0 4 278 264 34918394 2197430
T 167 0 0 0 0 0 0 258 245 34918641 2039608
T 168 0 0 0 0 0 0 288 251 34918012 2089364
T 169 0 0 0 0 0 0 283 266 34918105 2214202
T 170 1 1 0 2 2 0 278 268 34918182 2230832
T 171 0 1 0 0 2 0 244 292 34918172 2430418
T 172 1 0 1 2 0 2 274 279 34917886 2322401
T 173 0 0 0 0 0 0 269 310 34918213 2580441
T 174 0 0 0 0 0 0 287 261 34917304 2172505
T 175 1 0 0 2 0 0 324 255 34917573 2122675
T 176 1 0 0 2 0 0 256 275 34918411 2289065
T 177 0 1 0 0 2 0 290 252 34917712 2097538
T 178 0 0 0 0 0 0 269 256 34918369 2130907
T 179 1 0 1 2 0 2 273 269 34918772 2239152
# P_find a=10 b=4 c=9 a|b=13 a|c=13 b|c=13 a|b|c=16 of 30
