# cp_nz012f s0=9153 s1=96 s2=96 N=84354048(2^26.3300) rounds=5 trials=30 seed=42 t_start=210
# Q_b=C(s0,2)*W=1.741844e+15 (2^50.6295)  W=41587200 ; Q_a=Q_c=P2both*W (per trial)
T 210 0 0 0 0 0 0 341 337 41558851 3060492
T 211 0 0 0 0 0 0 345 357 41557758 3241852
T 212 0 0 1 0 0 2 328 368 41557601 3341753
T 213 0 0 1 0 0 2 334 333 41558057 3023933
T 214 0 0 0 0 0 0 353 368 41557956 3341609
T 215 0 0 0 0 0 0 346 351 41558641 3187272
T 216 0 1 0 0 2 0 338 348 41557854 3160124
T 217 1 0 0 2 0 0 378 398 41558298 3614048
T 218 0 1 0 0 2 0 338 356 41558563 3232831
T 219 2 0 1 4 0 2 361 375 41558780 3405176
T 220 1 0 5 2 0 10 389 395 41558030 3586902
T 221 0 0 1 0 0 2 355 364 41557949 3305348
T 222 1 0 0 2 0 0 323 346 41558425 3141690
T 223 0 0 2 0 0 4 379 353 41558813 3205538
T 224 1 0 1 2 0 2 370 372 41557840 3377868
T 225 3 0 1 6 0 2 374 358 41558495 3251071
T 226 0 0 1 0 0 2 333 400 41558388 3632312
T 227 0 0 2 0 0 4 343 352 41559086 3196442
T 228 2 0 0 4 0 0 355 370 41558452 3359638
T 229 1 0 2 2 0 4 357 373 41557918 3386986
T 230 0 0 0 0 0 0 350 326 41558113 2960524
T 231 0 0 0 0 0 0 345 331 41557301 3005650
T 232 1 0 0 2 0 0 347 368 41558591 3341466
T 233 0 0 0 0 0 0 369 327 41558400 2969188
T 234 1 0 0 2 0 0 311 336 41557666 3051132
T 235 0 0 0 0 0 0 329 356 41558355 3232895
T 236 0 0 1 0 0 2 348 366 41557667 3323577
T 237 0 1 3 0 2 6 338 344 41558494 3123879
T 238 0 1 0 0 2 0 371 358 41559557 3251007
T 239 0 0 0 0 0 0 365 347 41557921 3150845
# P_find a=10 b=4 c=13 a|b=14 a|c=18 b|c=16 a|b|c=21 of 30
