# cp_nz012f s0=9153 s1=96 s2=96 N=84354048(2^26.3300) rounds=5 trials=30 seed=42 t_start=60
# Q_b=C(s0,2)*W=1.741844e+15 (2^50.6295)  W=41587200 ; Q_a=Q_c=P2both*W (per trial)
T 60 2 0 0 4 0 0 344 363 41558028 3296144
T 61 0 1 0 0 2 0 370 363 41558114 3296000
T 62 1 0 0 2 0 0 358 376 41557766 3414345
T 63 0 0 0 0 0 0 325 373 41558621 3387058
T 64 1 0 0 2 0 0 364 331 41558498 3005604
T 65 0 1 0 0 2 0 361 394 41558038 3577776
T 66 0 0 3 0 0 6 363 382 41558620 3469008
T 67 0 0 2 0 0 4 369 335 41557687 3041800
T 68 0 0 0 0 0 0 348 359 41557835 3260013
T 69 0 0 1 0 0 2 338 375 41558747 3405195
T 70 1 0 0 2 0 0 347 327 41558002 2969198
T 71 0 0 2 0 0 4 344 343 41558699 3114913
T 72 1 0 1 2 0 2 348 377 41557914 3423307
T 73 0 0 0 0 0 0 354 312 41558847 2833099
T 74 0 1 0 0 2 0 364 375 41558961 3405139
T 75 0 0 0 0 0 0 365 359 41559052 3260294
T 76 0 0 0 0 0 0 354 365 41557298 3314585
T 77 0 0 0 0 0 0 382 319 41558390 2896983
T 78 0 0 0 0 0 0 317 369 41558430 3351088
T 79 0 0 0 0 0 0 368 330 41557965 2996755
T 80 0 2 0 0 4 0 377 349 41557744 3169538
T 81 0 0 0 0 0 0 353 357 41557715 3241693
T 82 0 0 1 0 0 2 342 393 41558573 3568893
T 83 0 1 1 0 2 2 327 361 41558453 3278292
T 84 0 0 0 0 0 0 356 381 41558185 3459795
T 85 1 1 0 2 2 0 358 344 41558134 3123807
T 86 0 1 1 0 2 2 364 350 41557563 3178321
T 87 0 0 2 0 0 4 354 381 41558057 3459405
T 88 1 0 1 2 0 2 375 374 41557594 3396231
T 89 0 0 1 0 0 2 379 346 41559088 3142068
# P_find a=7 b=7 c=11 a|b=13 a|c=16 b|c=16 a|b|c=20 of 30
