# cp_nz012f s0=9153 s1=96 s2=96 N=84354048(2^26.3300) rounds=5 trials=30 seed=42 t_start=90
# Q_b=C(s0,2)*W=1.741844e+15 (2^50.6295)  W=41587200 ; Q_a=Q_c=P2both*W (per trial)
T 90 1 1 0 2 2 0 339 333 41558337 3023790
T 91 3 1 0 6 2 0 382 345 41557008 3132844
T 92 0 0 1 0 0 2 362 357 41558001 3241522
T 93 0 0 0 0 0 0 348 350 41559633 3178488
T 94 1 0 0 2 0 0 375 359 41558891 3259940
T 95 0 1 0 0 2 0 359 346 41558162 3141886
T 96 1 0 0 2 0 0 357 374 41558401 3396304
T 97 1 0 0 2 0 0 353 349 41558252 3169202
T 98 0 0 0 0 0 0 347 315 41558042 2860320
T 99 0 0 0 0 0 0 338 359 41558322 3259962
T 100 0 0 0 0 0 0 324 353 41558475 3205618
T 101 0 0 0 0 0 0 353 361 41557982 3277909
T 102 0 1 1 0 2 2 330 374 41558088 3396264
T 103 2 1 0 4 2 0 345 375 41558013 3405389
T 104 0 1 0 0 2 0 374 379 41558229 3441507
T 105 0 0 0 0 0 0 360 394 41558652 3578015
T 106 0 1 0 0 2 0 352 368 41558245 3341774
T 107 0 0 0 0 0 0 378 328 41557151 2978129
T 108 0 0 0 0 0 0 358 384 41557986 3486741
T 109 0 0 0 0 0 0 345 334 41557901 3033089
T 110 2 0 0 4 0 0 372 318 41558082 2887555
T 111 0 0 0 0 0 0 326 381 41557687 3459643
T 112 0 1 2 0 2 4 359 358 41557872 3250951
T 113 0 0 0 0 0 0 358 391 41558245 3550702
T 114 0 0 0 0 0 0 366 339 41558338 3078270
T 115 1 1 0 2 2 0 357 351 41558617 3187540
T 116 2 0 1 4 0 2 353 369 41557829 3350696
T 117 0 1 1 0 2 2 404 340 41557376 3087504
T 118 0 1 1 0 2 2 352 330 41558179 2996299
T 119 0 1 1 0 2 2 334 369 41558546 3350938
# P_find a=9 b=12 c=7 a|b=17 a|c=15 b|c=14 a|b|c=18 of 30
