# cp_nz012f s0=9153 s1=96 s2=96 N=84354048(2^26.3300) rounds=5 trials=30 seed=42 t_start=30
# Q_b=C(s0,2)*W=1.741844e+15 (2^50.6295)  W=41587200 ; Q_a=Q_c=P2both*W (per trial)
T 30 0 0 1 0 0 2 353 352 41557374 3196480
T 31 0 0 0 0 0 0 359 359 41558826 3260113
T 32 0 0 0 0 0 0 362 340 41558002 3087394
T 33 2 2 0 4 4 0 370 354 41558278 3214310
T 34 1 0 0 2 0 0 347 352 41558519 3196616
T 35 0 0 0 0 0 0 346 355 41557735 3223901
T 36 1 0 1 2 0 2 335 340 41557894 3087551
T 37 0 1 0 0 2 0 390 352 41557379 3196220
T 38 0 1 1 0 2 2 385 387 41559532 3514744
T 39 2 1 1 4 2 2 348 327 41558392 2969387
T 40 2 0 0 4 0 0 360 337 41558050 3060188
T 41 0 1 0 0 2 0 363 371 41558646 3369047
T 42 1 0 0 2 0 0 353 380 41558192 3450813
T 43 0 0 1 0 0 2 318 362 41558259 3287319
T 44 0 0 0 0 0 0 327 341 41557453 3096492
T 45 0 0 0 0 0 0 405 335 41558074 3041976
T 46 0 2 0 0 4 0 362 371 41558620 3369037
T 47 0 0 0 0 0 0 382 353 41558555 3205290
T 48 1 0 1 2 0 2 388 369 41558813 3350769
T 49 0 0 0 0 0 0 374 328 41558242 2978565
T 50 1 0 1 2 0 2 367 350 41557834 3178240
T 51 0 0 1 0 0 2 321 361 41557473 3277698
T 52 2 0 1 4 0 2 376 325 41558812 2950986
T 53 0 0 0 0 0 0 376 337 41558228 3060288
T 54 1 1 0 2 2 0 362 363 41558416 3296645
T 55 1 0 0 2 0 0 365 340 41557586 3087279
T 56 2 0 1 4 0 2 329 353 41558509 3205438
T 57 3 1 0 6 2 0 366 354 41558726 3214545
T 58 0 0 1 0 0 2 354 360 41558100 3269147
T 59 0 0 0 0 0 0 337 353 41558400 3205334
# P_find a=13 b=8 c=11 a|b=17 a|c=18 b|c=17 a|b|c=21 of 30
