# cp_nz012f s0=9153 s1=96 s2=96 N=84354048(2^26.3300) rounds=5 trials=30 seed=42 t_start=150
# Q_b=C(s0,2)*W=1.741844e+15 (2^50.6295)  W=41587200 ; Q_a=Q_c=P2both*W (per trial)
T 150 2 1 0 4 2 0 370 324 41556997 2942079
T 151 0 0 1 0 0 2 317 313 41559343 2842511
T 152 0 1 0 0 2 0 353 326 41558432 2960157
T 153 0 0 0 0 0 0 383 324 41558085 2942096
T 154 0 0 0 0 0 0 338 343 41558291 3114701
T 155 1 1 0 2 2 0 377 355 41557899 3223640
T 156 0 0 1 0 0 2 341 428 41557475 3886529
T 157 0 0 1 0 0 2 354 352 41558420 3196662
T 158 0 0 3 0 0 6 361 352 41557807 3196372
T 159 0 1 0 0 2 0 349 398 41558096 3613973
T 160 1 1 1 2 2 2 368 329 41557436 2987315
T 161 0 1 0 0 2 0 341 381 41558061 3459790
T 162 1 0 0 2 0 0 361 349 41557917 3168976
T 163 0 0 0 0 0 0 349 357 41558555 3241812
T 164 0 0 0 0 0 0 347 376 41558009 3414466
T 165 0 0 1 0 0 2 340 363 41557045 3296386
T 166 0 0 1 0 0 2 334 337 41558891 3060394
T 167 0 0 2 0 0 4 362 375 41558730 3405346
T 168 1 0 0 2 0 0 380 323 41558400 2932947
T 169 0 0 1 0 0 2 351 341 41558464 3096805
T 170 0 1 0 0 2 0 369 338 41558543 3069412
T 171 0 0 0 0 0 0 360 374 41557984 3396057
T 172 0 0 0 0 0 0 344 337 41557935 3060208
T 173 0 0 0 0 0 0 372 310 41558294 2814898
T 174 1 1 1 2 2 2 374 353 41557343 3205420
T 175 1 1 1 2 2 2 389 359 41557313 3260066
T 176 1 0 0 2 0 0 375 398 41558436 3613749
T 177 0 0 0 0 0 0 379 349 41557545 3169125
T 178 0 0 0 0 0 0 363 327 41558183 2969437
T 179 1 0 0 2 0 0 372 335 41559354 3041946
# P_find a=9 b=9 c=11 a|b=13 a|c=17 b|c=17 a|b|c=21 of 30
