# cp_nz012f s0=9153 s1=96 s2=96 N=84354048(2^26.3300) rounds=5 trials=30 seed=42 t_start=120
# Q_b=C(s0,2)*W=1.741844e+15 (2^50.6295)  W=41587200 ; Q_a=Q_c=P2both*W (per trial)
T 120 0 0 0 0 0 0 336 352 41558282 3196362
T 121 0 0 0 0 0 0 336 361 41558297 3278127
T 122 0 1 1 0 2 2 359 378 41557835 3432181
T 123 0 2 0 0 4 0 374 365 41558680 3314800
T 124 0 1 2 0 2 4 366 338 41559228 3069392
T 125 0 0 0 0 0 0 321 353 41558262 3205805
T 126 0 0 0 0 0 0 365 346 41557858 3142140
T 127 0 1 1 0 2 2 351 379 41558596 3441600
T 128 1 1 0 2 2 0 389 347 41558155 3151241
T 129 1 0 0 2 0 0 375 357 41558775 3241747
T 130 0 0 1 0 0 2 343 378 41558520 3432437
T 131 0 0 0 0 0 0 360 332 41558032 3014790
T 132 0 0 0 0 0 0 346 369 41558805 3350841
T 133 0 0 0 0 0 0 346 342 41558474 3105419
T 134 0 1 0 0 2 0 355 363 41556652 3296329
T 135 1 0 1 2 0 2 343 358 41558363 3251037
T 136 0 0 0 0 0 0 337 344 41558205 3123762
T 137 1 1 1 2 2 2 342 365 41557197 3314352
T 138 0 0 1 0 0 2 367 353 41557874 3205430
T 139 0 0 1 0 0 2 337 374 41558016 3396259
T 140 1 1 0 2 2 0 379 359 41558435 3259950
T 141 3 0 0 6 0 0 367 325 41558567 2951107
T 142 0 0 1 0 0 2 374 348 41559546 3160445
T 143 0 0 1 0 0 2 322 358 41558646 3250897
T 144 0 0 0 0 0 0 378 391 41558091 3550789
T 145 0 1 0 0 2 0 337 364 41557847 3305287
T 146 0 0 0 0 0 0 338 371 41557858 3368911
T 147 1 1 1 2 2 2 352 322 41557824 2923963
T 148 1 1 0 2 2 0 343 335 41557610 3042009
T 149 0 0 1 0 0 2 353 340 41557990 3087502
# P_find a=8 b=11 c=12 a|b=14 a|c=17 b|c=18 a|b|c=20 of 30
