# cp_nz012f s0=9153 s1=96 s2=96 N=84354048(2^26.3300) rounds=5 trials=30 seed=42 t_start=180
# Q_b=C(s0,2)*W=1.741844e+15 (2^50.6295)  W=41587200 ; Q_a=Q_c=P2both*W (per trial)
T 180 0 1 1 0 2 2 334 365 41557860 3314203
T 181 0 0 1 0 0 2 373 364 41557369 3305362
T 182 0 0 0 0 0 0 352 355 41557976 3223802
T 183 0 0 0 0 0 0 365 371 41558157 3369039
T 184 2 0 0 4 0 0 360 327 41558133 2969525
T 185 1 0 0 2 0 0 334 341 41557829 3096275
T 186 0 1 0 0 2 0 353 347 41559712 3151157
T 187 0 0 2 0 0 4 349 344 41558554 3123919
T 188 1 0 2 2 0 4 369 345 41558798 3132910
T 189 0 0 0 0 0 0 366 349 41557835 3169346
T 190 0 0 0 0 0 0 369 334 41558539 3032750
T 191 0 0 0 0 0 0 346 335 41558388 3042185
T 192 0 1 0 0 2 0 334 364 41558279 3305342
T 193 1 1 0 2 2 0 337 366 41557508 3323570
T 194 0 0 0 0 0 0 352 346 41559090 3142040
T 195 1 0 0 2 0 0 356 342 41557733 3105558
T 196 0 1 0 0 2 0 363 346 41557062 3141808
T 197 0 0 1 0 0 2 352 359 41558525 3259978
T 198 0 0 0 0 0 0 367 321 41557581 2914885
T 199 0 0 0 0 0 0 370 372 41558314 3378058
T 200 0 1 2 0 2 4 321 333 41559056 3023916
T 201 0 0 0 0 0 0 355 368 41558647 3341786
T 202 0 0 1 0 0 2 358 369 41558395 3350839
T 203 0 0 1 0 0 2 361 337 41557707 3060057
T 204 1 1 1 2 2 2 315 372 41558415 3378037
T 205 0 1 1 0 2 2 329 331 41557054 3005658
T 206 0 0 0 0 0 0 354 362 41557710 3287061
T 207 1 0 0 2 0 0 351 366 41558265 3323482
T 208 0 0 0 0 0 0 342 335 41558032 3042130
T 209 0 1 0 0 2 0 363 420 41558431 3814076
# P_find a=7 b=9 c=10 a|b=14 a|c=15 b|c=15 a|b|c=19 of 30
