# cp_nz012f s0=9153 s1=96 s2=96 N=84354048(2^26.3300) rounds=5 trials=30 seed=42 t_start=240
# Q_b=C(s0,2)*W=1.741844e+15 (2^50.6295)  W=41587200 ; Q_a=Q_c=P2both*W (per trial)
T 240 0 0 0 0 0 0 395 312 41558877 2833202
T 241 1 0 0 2 0 0 366 355 41557657 3223761
T 242 0 0 0 0 0 0 390 356 41557874 3232746
T 243 0 0 0 0 0 0 341 322 41557868 2924016
T 244 2 0 0 4 0 0 380 337 41558174 3060322
T 245 0 0 3 0 0 6 357 378 41557951 3432531
T 246 0 0 1 0 0 2 352 354 41558571 3214771
T 247 0 0 0 0 0 0 332 349 41557993 3169140
T 248 0 1 0 0 2 0 371 352 41558267 3196395
T 249 0 0 0 0 0 0 346 377 41558649 3423362
T 250 0 0 0 0 0 0 384 334 41558197 3033145
T 251 0 0 0 0 0 0 377 324 41558124 2942279
T 252 0 1 0 0 2 0 372 385 41559119 3496202
T 253 1 0 1 2 0 2 343 360 41558745 3268985
T 254 1 0 0 2 0 0 369 378 41557996 3432605
T 255 1 0 0 2 0 0 362 382 41558321 3468994
T 256 0 1 0 0 2 0 343 359 41558016 3260071
T 257 0 0 0 0 0 0 361 368 41557605 3341929
T 258 0 0 0 0 0 0 366 386 41557575 3505176
T 259 1 0 1 2 0 2 373 364 41558673 3305433
T 260 1 0 0 2 0 0 359 341 41558665 3096653
T 261 0 1 1 0 2 2 383 340 41558114 3087499
T 262 1 0 0 2 0 0 397 358 41558835 3251041
T 263 0 0 0 0 0 0 340 334 41559182 3033151
T 264 0 0 0 0 0 0 337 352 41557586 3196320
T 265 2 0 0 4 0 0 374 357 41558088 3241920
T 266 0 0 0 0 0 0 380 331 41558297 3005710
T 267 0 0 0 0 0 0 375 341 41558466 3096607
T 268 0 0 0 0 0 0 350 337 41559061 3060169
T 269 0 0 0 0 0 0 337 349 41558155 3169009
# P_find a=9 b=4 c=5 a|b=13 a|c=12 b|c=8 a|b|c=15 of 30
