# cp_nz012f s0=9153 s1=96 s2=96 N=84354048(2^26.3300) rounds=5 trials=30 seed=42 t_start=0
# Q_b=C(s0,2)*W=1.741844e+15 (2^50.6295)  W=41587200 ; Q_a=Q_c=P2both*W (per trial)
T 0 0 0 0 0 0 0 352 353 41557809 3205741
T 1 2 0 1 4 0 2 359 355 41556940 3223758
T 2 0 0 0 0 0 0 358 348 41558821 3160012
T 3 2 0 0 4 0 0 321 351 41557117 3187499
T 4 0 0 0 0 0 0 338 369 41558228 3351023
T 5 0 0 0 0 0 0 357 370 41557746 3359902
T 6 0 0 0 0 0 0 356 370 41558109 3359842
T 7 1 0 2 2 0 4 346 379 41557960 3441509
T 8 0 1 1 0 2 2 348 367 41558093 3332363
T 9 0 1 1 0 2 2 379 352 41558130 3196440
T 10 2 0 0 4 0 0 349 376 41559368 3414477
T 11 0 0 0 0 0 0 371 347 41558485 3151229
T 12 0 0 0 0 0 0 344 359 41558981 3260099
T 13 1 1 0 2 2 0 343 345 41558530 3132986
T 14 0 0 0 0 0 0 352 353 41557472 3205398
T 15 0 1 0 0 2 0 369 363 41558083 3296505
T 16 0 0 1 0 0 2 379 391 41558255 3550603
T 17 0 0 2 0 0 4 344 355 41557223 3223312
T 18 0 0 0 0 0 0 379 387 41557829 3514303
T 19 0 0 0 0 0 0 365 325 41558458 2951251
T 20 0 0 1 0 0 2 364 355 41558858 3223747
T 21 1 1 0 2 2 0 342 370 41557736 3360001
T 22 0 0 1 0 0 2 342 370 41557988 3359857
T 23 1 0 1 2 0 2 389 339 41559163 3078362
T 24 0 1 1 0 2 2 384 383 41557561 3477948
T 25 1 1 0 2 2 0 333 377 41557943 3423447
T 26 0 0 0 0 0 0 353 342 41558416 3105674
T 27 0 1 0 0 2 0 352 347 41557774 3151013
T 28 1 1 0 2 2 0 364 332 41557997 3014770
T 29 0 0 1 0 0 2 357 330 41558649 2996627
# P_find a=9 b=9 c=11 a|b=14 a|c=17 b|c=17 a|b|c=19 of 30
