# cp_nz012f s0=9153 s1=96 s2=96 N=84354048(2^26.3300) rounds=5 trials=30 seed=42 t_start=270
# Q_b=C(s0,2)*W=1.741844e+15 (2^50.6295)  W=41587200 ; Q_a=Q_c=P2both*W (per trial)
T 270 0 0 0 0 0 0 341 297 41558627 2696957
T 271 0 0 1 0 0 2 362 370 41557849 3360109
T 272 0 0 1 0 0 2 359 363 41559386 3296348
T 273 0 1 0 0 2 0 344 339 41559373 3078560
T 274 0 1 1 0 2 2 345 331 41557388 3005561
T 275 1 0 0 2 0 0 379 360 41558212 3269129
T 276 0 0 0 0 0 0 364 348 41558873 3160201
T 277 0 0 0 0 0 0 375 360 41557245 3268704
T 278 0 0 1 0 0 2 383 346 41558314 3141816
T 279 1 1 0 2 2 0 350 403 41558895 3659488
T 280 0 0 0 0 0 0 351 318 41557203 2887675
T 281 0 0 0 0 0 0 363 355 41557752 3223545
T 282 0 0 0 0 0 0 371 388 41557896 3523272
T 283 1 2 0 2 4 0 382 341 41558143 3096493
T 284 1 0 0 2 0 0 380 368 41558615 3341754
T 285 1 0 0 2 0 0 359 349 41558142 3169161
T 286 1 0 1 2 0 2 366 362 41557523 3287127
T 287 0 0 2 0 0 4 346 383 41557881 3478087
T 288 0 1 0 0 2 0 325 368 41557943 3341653
T 289 0 0 1 0 0 2 396 380 41558891 3450874
T 290 1 0 0 2 0 0 346 369 41557385 3350575
T 291 0 0 0 0 0 0 359 357 41558675 3242027
T 292 0 1 0 0 2 0 349 365 41558353 3314493
T 293 3 0 1 6 0 2 341 365 41559345 3314561
T 294 0 0 1 0 0 2 362 351 41557508 3187232
T 295 1 0 0 2 0 0 382 355 41558508 3223604
T 296 0 0 1 0 0 2 351 367 41557747 3332492
T 297 0 0 0 0 0 0 338 368 41557638 3341732
T 298 0 0 1 0 0 2 345 354 41558100 3214792
T 299 0 0 0 0 0 0 388 329 41557361 2987561
# P_find a=9 b=6 c=11 a|b=13 a|c=18 b|c=16 a|b|c=21 of 30
