# cp_nz012f s0=10551 s1=102 s2=102 N=109772604(2^26.7099) rounds=5 trials=30 seed=42 t_start=120
# Q_b=C(s0,2)*W=2.953447e+15 (2^51.3913)  W=53065602 ; Q_a=Q_c=P2both*W (per trial)
T 120 1 0 0 2 0 0 562 488 55223333 5108436
T 121 0 0 1 0 0 2 503 558 55223862 5840992
T 122 0 0 0 0 0 0 513 539 55222821 5641938
T 123 0 0 0 0 0 0 539 506 55224275 5296801
T 124 2 0 1 4 0 2 517 511 55224592 5349324
T 125 0 1 0 0 2 0 552 536 55223979 5610751
T 126 0 0 0 0 0 0 548 503 55223162 5265220
T 127 0 0 1 0 0 2 543 580 55223972 6071441
T 128 1 1 0 2 2 0 549 513 55223327 5369832
T 129 1 0 1 2 0 2 562 518 55224037 5422182
T 130 1 1 4 2 2 8 575 528 55223774 5527107
T 131 0 0 1 0 0 2 560 522 55222332 5464146
T 132 0 1 0 0 2 0 563 540 55224173 5652365
T 133 1 1 0 2 2 0 527 505 55224074 5286633
T 134 0 0 0 0 0 0 532 552 55222068 5778282
T 135 1 1 1 2 2 2 544 571 55223793 5976949
T 136 2 2 2 4 4 4 552 531 55223421 5557910
T 137 2 0 0 4 0 0 523 501 55222320 5244551
T 138 0 0 1 0 0 2 537 508 55223001 5317666
T 139 0 1 1 0 2 2 493 520 55222858 5443286
T 140 1 0 1 2 0 2 545 468 55223804 4899111
T 141 4 0 0 8 0 0 554 505 55223867 5286206
T 142 0 1 0 0 2 0 519 497 55224858 5202318
T 143 0 0 2 0 0 4 484 512 55224124 5359863
T 144 2 1 0 4 2 0 552 520 55223867 5443460
T 145 1 0 0 2 0 0 546 530 55222742 5547822
T 146 1 0 1 2 0 2 507 554 55222623 5798927
T 147 1 0 0 2 0 0 536 518 55223681 5422350
T 148 1 0 0 2 0 0 524 516 55223040 5401491
T 149 0 2 0 0 4 0 504 530 55223027 5547801
# P_find a=16 b=11 c=13 a|b=21 a|c=22 b|c=20 a|b|c=26 of 30
