# cp_nz012f s0=10551 s1=102 s2=102 N=109772604(2^26.7099) rounds=5 trials=30 seed=42 t_start=150
# Q_b=C(s0,2)*W=2.953447e+15 (2^51.3913)  W=53065602 ; Q_a=Q_c=P2both*W (per trial)
T 150 3 0 0 6 0 0 518 543 55221817 5684067
T 151 0 0 0 0 0 0 521 476 55224770 4982948
T 152 0 0 0 0 0 0 559 534 55223904 5589958
T 153 2 1 0 4 2 0 520 515 55223656 5390995
T 154 0 0 1 0 0 2 496 486 55223540 5087475
T 155 2 1 2 4 2 4 540 520 55223548 5443544
T 156 0 0 2 0 0 4 536 529 55222823 5537466
T 157 1 0 2 2 0 4 497 511 55223213 5349220
T 158 0 0 0 0 0 0 522 560 55222628 5861783
T 159 1 0 0 2 0 0 552 536 55223233 5610698
T 160 0 0 2 0 0 4 559 534 55222731 5589962
T 161 0 0 1 0 0 2 494 519 55223748 5432921
T 162 2 1 0 4 2 0 557 502 55223778 5254869
T 163 1 0 0 2 0 0 527 578 55223601 6050403
T 164 0 1 0 0 2 0 532 502 55223684 5255103
T 165 0 0 1 0 0 2 567 536 55222718 5610743
T 166 1 2 0 2 4 0 561 540 55224121 5652439
T 167 0 0 0 0 0 0 504 540 55223855 5653158
T 168 1 0 0 2 0 0 537 432 55223917 4522010
T 169 0 1 1 0 2 2 521 503 55223789 5265630
T 170 1 0 1 2 0 2 515 518 55224061 5422411
T 171 1 0 0 2 0 0 524 551 55222737 5767967
T 172 0 0 1 0 0 2 544 518 55223248 5422474
T 173 0 0 0 0 0 0 517 516 55223563 5401206
T 174 1 1 0 2 2 0 544 515 55222576 5391117
T 175 2 0 1 4 0 2 568 518 55222280 5422199
T 176 3 0 3 6 0 6 532 527 55223278 5516479
T 177 1 1 0 2 2 0 549 547 55222893 5725545
T 178 0 2 0 0 4 0 564 439 55223661 4595323
T 179 0 0 0 0 0 0 540 509 55224476 5328164
# P_find a=15 b=9 c=12 a|b=18 a|c=22 b|c=19 a|b|c=24 of 30
