# cp_nz012f s0=10551 s1=102 s2=102 N=109772604(2^26.7099) rounds=5 trials=30 seed=42 t_start=60
# Q_b=C(s0,2)*W=2.953447e+15 (2^51.3913)  W=53065602 ; Q_a=Q_c=P2both*W (per trial)
T 60 0 0 3 0 0 6 547 538 55223384 5631911
T 61 1 1 0 2 2 0 502 490 55223116 5129142
T 62 0 0 0 0 0 0 546 523 55223102 5474729
T 63 0 0 1 0 0 2 520 530 55224018 5548066
T 64 0 0 0 0 0 0 553 488 55223893 5108503
T 65 0 0 0 0 0 0 454 472 55223382 4940830
T 66 2 0 0 4 0 0 562 531 55223532 5558753
T 67 0 0 2 0 0 4 542 560 55222581 5861897
T 68 0 0 0 0 0 0 542 533 55222954 5579252
T 69 0 1 1 0 2 2 530 565 55224415 5914489
T 70 0 0 0 0 0 0 508 535 55223353 5599978
T 71 0 0 2 0 0 4 534 551 55224084 5767977
T 72 0 0 2 0 0 4 539 553 55222835 5788501
T 73 0 0 0 0 0 0 521 499 55224081 5223443
T 74 1 0 1 2 0 2 544 533 55223998 5579372
T 75 0 0 0 0 0 0 566 523 55224640 5475186
T 76 0 0 4 0 0 8 544 563 55222712 5893434
T 77 0 0 0 0 0 0 550 529 55224140 5537705
T 78 1 0 0 2 0 0 556 548 55223826 5736516
T 79 0 1 0 0 2 0 516 550 55223368 5757477
T 80 2 0 0 4 0 0 537 501 55223459 5244770
T 81 1 1 1 2 2 2 520 537 55222972 5621434
T 82 2 2 2 4 4 4 527 527 55223531 5516841
T 83 0 0 1 0 0 2 494 534 55223393 5590240
T 84 0 2 0 0 4 0 571 536 55223345 5610754
T 85 1 1 1 2 2 2 566 482 55223316 5045466
T 86 0 1 0 0 2 0 554 537 55222756 5621532
T 87 2 1 1 4 2 2 556 546 55223234 5715332
T 88 1 1 0 2 2 0 546 565 55222970 5914292
T 89 2 0 1 4 0 2 547 530 55224346 5548361
# P_find a=11 b=10 c=14 a|b=15 a|c=19 b|c=19 a|b|c=22 of 30
