# cp_nz012f s0=10551 s1=102 s2=102 N=109772604(2^26.7099) rounds=5 trials=30 seed=42 t_start=30
# Q_b=C(s0,2)*W=2.953447e+15 (2^51.3913)  W=53065602 ; Q_a=Q_c=P2both*W (per trial)
T 30 0 0 1 0 0 2 537 507 55222597 5307432
T 31 0 0 0 0 0 0 555 533 55224072 5579556
T 32 0 0 0 0 0 0 507 546 55223409 5715125
T 33 1 1 0 2 2 0 546 493 55223612 5160591
T 34 2 0 0 4 0 0 547 493 55223863 5160456
T 35 2 0 1 4 0 2 556 496 55223248 5192216
T 36 3 2 1 6 4 2 519 518 55223111 5422218
T 37 0 0 1 0 0 2 551 500 55223216 5233870
T 38 0 0 3 0 0 6 561 566 55224212 5925329
T 39 2 1 3 4 2 6 526 503 55223302 5265777
T 40 2 0 1 4 0 2 584 516 55223394 5401289
T 41 1 1 0 2 2 0 506 524 55223426 5485504
T 42 1 0 0 2 0 0 507 549 55223869 5746751
T 43 0 0 0 0 0 0 554 516 55223290 5401735
T 44 0 0 2 0 0 4 514 489 55222584 5118377
T 45 0 0 1 0 0 2 511 552 55223625 5778285
T 46 0 0 0 0 0 0 515 491 55224258 5139401
T 47 0 0 0 0 0 0 530 520 55223393 5443520
T 48 2 0 1 4 0 2 565 516 55223760 5401218
T 49 0 0 1 0 0 2 535 483 55223406 5055995
T 50 1 1 2 2 2 4 539 527 55222923 5516685
T 51 0 0 0 0 0 0 495 505 55222577 5286208
T 52 1 0 1 2 0 2 561 522 55223599 5464385
T 53 1 0 1 2 0 2 559 526 55223358 5506164
T 54 2 0 0 4 0 0 549 489 55224111 5118851
T 55 1 1 1 2 2 2 515 519 55222893 5432922
T 56 0 0 1 0 0 2 542 492 55223534 5150413
T 57 1 0 0 2 0 0 526 510 55224260 5338636
T 58 1 0 2 2 0 4 544 535 55223569 5600026
T 59 0 1 1 0 2 2 553 542 55223564 5673799
# P_find a=16 b=7 c=18 a|b=17 a|c=24 b|c=20 a|b|c=24 of 30
