# cp_nz012f s0=10551 s1=102 s2=102 N=109772604(2^26.7099) rounds=5 trials=30 seed=42 t_start=270
# Q_b=C(s0,2)*W=2.953447e+15 (2^51.3913)  W=53065602 ; Q_a=Q_c=P2both*W (per trial)
T 270 0 1 0 0 2 0 529 542 55224109 5673639
T 271 0 0 3 0 0 6 595 540 55223427 5652587
T 272 2 0 1 4 0 2 526 525 55224664 5495656
T 273 0 1 0 0 2 0 539 474 55224012 4961865
T 274 0 0 0 0 0 0 519 545 55222777 5704771
T 275 0 0 0 0 0 0 565 517 55223379 5412121
T 276 0 2 0 0 4 0 531 492 55223910 5149996
T 277 2 0 0 4 0 0 560 520 55223026 5443298
T 278 1 0 1 2 0 2 517 525 55223185 5495675
T 279 0 1 0 0 2 0 511 538 55224013 5631947
T 280 1 1 0 2 2 0 523 517 55222856 5411783
T 281 0 1 1 0 2 2 582 547 55223093 5726269
T 282 0 0 0 0 0 0 531 572 55223034 5987528
T 283 1 0 0 2 0 0 586 503 55222991 5265244
T 284 1 1 0 2 2 0 505 498 55223999 5213248
T 285 1 1 0 2 2 0 517 503 55222732 5265190
T 286 0 0 0 0 0 0 519 536 55222761 5610487
T 287 0 0 1 0 0 2 575 501 55222787 5244085
T 288 1 0 0 2 0 0 553 504 55222877 5275516
T 289 0 0 0 0 0 0 554 506 55223934 5296748
T 290 0 0 2 0 0 4 535 560 55222690 5861742
T 291 0 0 1 0 0 2 534 477 55223857 4993395
T 292 1 0 1 2 0 2 560 541 55223831 5663072
T 293 1 0 0 2 0 0 546 531 55224347 5559090
T 294 0 0 1 0 0 2 549 497 55223214 5202798
T 295 1 0 0 2 0 0 558 536 55223820 5611271
T 296 1 1 1 2 2 2 546 512 55222780 5359583
T 297 1 0 2 2 0 4 497 511 55223060 5349285
T 298 1 0 0 2 0 0 510 523 55223135 5474403
T 299 1 1 1 2 2 2 532 535 55222675 5600118
# P_find a=15 b=10 c=12 a|b=20 a|c=21 b|c=19 a|b|c=25 of 30
