# cp_nz012f s0=10551 s1=102 s2=102 N=109772604(2^26.7099) rounds=5 trials=30 seed=42 t_start=210
# Q_b=C(s0,2)*W=2.953447e+15 (2^51.3913)  W=53065602 ; Q_a=Q_c=P2both*W (per trial)
T 210 0 0 0 0 0 0 577 526 55223791 5506106
T 211 2 1 0 4 2 0 577 502 55222616 5255009
T 212 0 1 0 0 2 0 548 531 55222739 5558548
T 213 0 0 0 0 0 0 532 495 55223515 5181563
T 214 0 2 0 0 4 0 485 526 55222654 5506274
T 215 1 1 0 2 2 0 573 498 55223274 5212861
T 216 2 0 0 4 0 0 529 508 55223143 5317434
T 217 3 0 0 6 0 0 577 493 55223679 5160690
T 218 0 1 0 0 2 0 517 535 55223627 5600366
T 219 2 1 2 4 2 4 524 532 55223508 5568873
T 220 1 0 0 2 0 0 555 504 55223215 5275706
T 221 0 1 0 0 2 0 517 502 55223351 5255112
T 222 0 0 0 0 0 0 505 519 55223348 5432859
T 223 0 0 0 0 0 0 504 504 55224691 5275664
T 224 3 1 2 6 2 4 560 502 55223183 5254930
T 225 1 0 1 2 0 2 499 499 55223947 5223560
T 226 0 1 1 0 2 2 540 493 55223898 5160449
T 227 0 1 0 0 2 0 499 526 55223979 5506378
T 228 1 0 1 2 0 2 527 477 55223933 4993255
T 229 1 0 1 2 0 2 528 546 55222752 5715111
T 230 0 0 0 0 0 0 536 502 55223112 5255072
T 231 1 0 0 2 0 0 519 522 55222674 5464321
T 232 2 0 1 4 0 2 559 554 55223867 5799273
T 233 1 0 1 2 0 2 538 503 55223472 5265376
T 234 2 1 0 4 2 0 549 511 55223156 5348978
T 235 0 0 0 0 0 0 514 522 55223822 5464071
T 236 1 1 1 2 2 2 569 529 55223003 5537568
T 237 3 0 0 6 0 0 543 509 55223360 5328050
T 238 3 0 3 6 0 6 485 534 55224474 5589693
T 239 0 2 0 0 4 0 528 480 55223139 5024220
# P_find a=17 b=13 c=10 a|b=24 a|c=18 b|c=19 a|b|c=24 of 30
