# cp_nz012f s0=10551 s1=102 s2=102 N=109772604(2^26.7099) rounds=5 trials=30 seed=42 t_start=0
# Q_b=C(s0,2)*W=2.953447e+15 (2^51.3913)  W=53065602 ; Q_a=Q_c=P2both*W (per trial)
T 0 3 0 4 6 0 8 545 525 55223346 5495566
T 1 1 2 3 2 4 6 562 518 55221484 5422425
T 2 1 0 0 2 0 0 528 523 55223877 5474837
T 3 1 1 0 2 2 0 545 554 55222460 5799170
T 4 0 0 0 0 0 0 557 520 55223149 5443483
T 5 0 0 2 0 0 4 504 525 55223331 5495800
T 6 0 0 0 0 0 0 549 505 55223446 5286240
T 7 2 0 0 4 0 0 537 514 55222769 5380398
T 8 0 0 0 0 0 0 531 499 55223298 5223638
T 9 0 0 0 0 0 0 569 506 55223424 5296566
T 10 3 1 0 6 2 0 534 512 55224783 5359766
T 11 0 0 1 0 0 2 517 540 55223472 5652602
T 12 0 0 2 0 0 4 535 536 55223948 5610675
T 13 0 1 0 0 2 0 529 513 55223546 5370162
T 14 1 0 0 2 0 0 556 510 55222686 5338376
T 15 1 0 0 2 0 0 531 488 55222973 5108345
T 16 2 0 2 4 0 4 608 543 55223815 5684250
T 17 0 0 0 0 0 0 573 481 55222514 5035280
T 18 1 1 2 2 2 4 548 519 55223292 5432717
T 19 0 1 0 0 2 0 542 532 55223862 5568807
T 20 0 0 0 0 0 0 529 510 55223996 5338710
T 21 0 0 0 0 0 0 554 525 55222827 5495224
T 22 0 0 2 0 0 4 491 489 55223419 5118638
T 23 0 1 3 0 2 6 552 578 55224567 6050439
T 24 0 0 1 0 0 2 582 531 55223134 5558622
T 25 1 0 0 2 0 0 527 480 55222899 5024372
T 26 1 0 0 2 0 0 529 535 55223048 5600148
T 27 0 0 1 0 0 2 500 504 55223223 5275474
T 28 0 0 0 0 0 0 550 495 55223195 5181463
T 29 0 0 4 0 0 8 545 516 55223616 5401317
# P_find a=12 b=7 c=12 a|b=15 a|c=20 b|c=16 a|b|c=22 of 30
