# cp_nz012f s0=10551 s1=102 s2=102 N=109772604(2^26.7099) rounds=5 trials=30 seed=42 t_start=180
# Q_b=C(s0,2)*W=2.953447e+15 (2^51.3913)  W=53065602 ; Q_a=Q_c=P2both*W (per trial)
T 180 0 0 0 0 0 0 513 567 55222913 5934879
T 181 1 0 2 2 0 4 588 544 55222755 5694607
T 182 1 0 0 2 0 0 552 522 55223150 5464276
T 183 1 1 1 2 2 2 524 572 55223164 5987540
T 184 2 0 0 4 0 0 527 540 55223365 5652508
T 185 1 0 0 2 0 0 507 491 55222856 5139698
T 186 1 2 0 2 4 0 524 504 55224824 5275818
T 187 0 0 0 0 0 0 558 557 55223858 5830773
T 188 0 2 3 0 4 6 529 535 55224196 5600420
T 189 2 2 0 4 4 0 558 518 55222623 5422347
T 190 0 0 0 0 0 0 555 523 55223969 5474957
T 191 2 0 0 4 0 0 483 555 55223597 5809526
T 192 0 0 5 0 0 10 517 534 55223108 5589899
T 193 3 0 2 6 0 4 575 553 55222713 5788423
T 194 2 0 0 4 0 0 531 500 55223916 5234133
T 195 0 1 0 0 2 0 560 492 55223177 5149823
T 196 1 0 1 2 0 2 529 535 55221904 5600223
T 197 0 0 2 0 0 4 541 513 55223650 5370027
T 198 0 0 0 0 0 0 496 491 55223126 5139871
T 199 0 1 0 0 2 0 508 543 55223804 5684386
T 200 0 0 0 0 0 0 515 519 55224100 5432881
T 201 0 0 1 0 0 2 526 539 55224046 5642017
T 202 4 0 0 8 0 0 551 507 55224017 5307292
T 203 0 0 5 0 0 10 542 562 55222994 5882907
T 204 1 0 1 2 0 2 556 528 55223179 5527099
T 205 2 0 2 4 0 4 587 521 55222372 5453679
T 206 0 0 0 0 0 0 504 507 55222644 5307439
T 207 1 0 0 2 0 0 534 529 55223826 5537565
T 208 0 1 0 0 2 0 499 520 55223240 5443300
T 209 0 2 2 0 4 4 542 471 55223235 4930298
# P_find a=15 b=8 c=12 a|b=20 a|c=21 b|c=17 a|b|c=24 of 30
