# cp_nz012f s0=10551 s1=102 s2=102 N=109772604(2^26.7099) rounds=5 trials=30 seed=42 t_start=90
# Q_b=C(s0,2)*W=2.953447e+15 (2^51.3913)  W=53065602 ; Q_a=Q_c=P2both*W (per trial)
T 90 0 1 2 0 2 4 553 515 55222993 5391180
T 91 0 1 0 0 2 0 556 557 55221971 5830373
T 92 1 0 0 2 0 0 530 523 55223404 5474677
T 93 0 0 1 0 0 2 523 500 55224861 5234245
T 94 1 1 1 2 2 2 593 537 55223634 5621400
T 95 1 0 0 2 0 0 497 529 55223720 5537909
T 96 0 1 1 0 2 2 579 565 55223173 5914389
T 97 0 0 0 0 0 0 531 511 55223691 5349325
T 98 0 1 0 0 2 0 485 545 55223184 5704945
T 99 0 0 2 0 0 4 485 535 55224280 5600114
T 100 1 1 1 2 2 2 542 498 55223351 5212959
T 101 0 0 0 0 0 0 566 530 55223243 5547777
T 102 2 0 1 4 0 2 536 523 55223907 5474797
T 103 3 0 0 6 0 0 528 542 55223440 5673689
T 104 1 3 0 2 6 0 550 497 55222929 5202630
T 105 0 2 2 0 4 4 546 534 55223842 5589946
T 106 0 1 0 0 2 0 528 471 55223580 4930179
T 107 1 1 1 2 2 2 539 508 55222143 5317657
T 108 0 0 2 0 0 4 494 570 55223827 5966967
T 109 0 0 0 0 0 0 551 497 55223246 5202572
T 110 0 0 0 0 0 0 530 563 55223337 5893260
T 111 1 1 1 2 2 2 505 567 55222987 5935289
T 112 0 0 1 0 0 2 511 492 55223367 5150074
T 113 1 0 0 2 0 0 546 493 55223863 5160666
T 114 0 1 0 0 2 0 556 483 55223495 5056144
T 115 3 0 0 6 0 0 542 487 55223762 5097639
T 116 2 0 2 4 0 4 512 497 55222971 5202497
T 117 0 0 2 0 0 4 541 528 55222746 5527056
T 118 0 1 1 0 2 2 482 540 55223072 5652757
T 119 0 1 0 0 2 0 489 504 55223806 5276145
# P_find a=12 b=14 c=15 a|b=21 a|c=21 b|c=21 a|b|c=26 of 30
