# cp_nz012f s0=10551 s1=102 s2=102 N=109772604(2^26.7099) rounds=5 trials=30 seed=42 t_start=240
# Q_b=C(s0,2)*W=2.953447e+15 (2^51.3913)  W=53065602 ; Q_a=Q_c=P2both*W (per trial)
T 240 0 0 1 0 0 2 540 520 55223923 5443301
T 241 0 0 1 0 0 2 530 550 55222266 5757293
T 242 5 0 1 10 0 2 547 526 55223541 5506034
T 243 0 2 0 0 4 0 531 520 55223351 5443177
T 244 1 0 0 2 0 0 556 507 55223686 5307257
T 245 0 1 0 0 2 0 524 489 55222979 5118634
T 246 0 0 0 0 0 0 536 503 55223290 5265285
T 247 1 0 0 2 0 0 487 531 55223019 5558447
T 248 0 1 0 0 2 0 565 552 55223642 5778159
T 249 1 0 2 2 0 4 565 485 55224427 5076917
T 250 0 1 1 0 2 2 488 544 55223956 5694463
T 251 2 0 0 4 0 0 578 506 55223329 5296687
T 252 1 1 0 2 2 0 533 518 55224657 5422759
T 253 0 1 0 0 2 0 542 533 55223185 5579159
T 254 1 0 1 2 0 2 509 529 55223828 5537363
T 255 0 0 0 0 0 0 507 540 55222985 5652073
T 256 1 2 0 2 4 0 547 517 55223186 5411912
T 257 1 1 0 2 2 0 496 517 55223088 5411924
T 258 0 1 1 0 2 2 531 516 55223116 5401348
T 259 1 1 1 2 2 2 568 558 55224357 5841095
T 260 0 4 0 0 8 0 519 525 55224701 5495681
T 261 0 0 1 0 0 2 509 526 55223872 5506145
T 262 0 1 1 0 2 2 531 563 55224169 5893145
T 263 0 0 0 0 0 0 521 507 55224072 5307495
T 264 2 0 0 4 0 0 541 523 55222736 5474625
T 265 1 1 0 2 2 0 522 516 55223034 5401636
T 266 0 0 0 0 0 0 510 547 55223376 5726016
T 267 0 0 0 0 0 0 483 484 55223877 5066826
T 268 0 0 0 0 0 0 556 487 55224737 5098052
T 269 0 1 1 0 2 2 537 477 55223423 4993182
# P_find a=12 b=14 c=11 a|b=21 a|c=19 b|c=20 a|b|c=24 of 30
