# cp_nz012 s0=11664 s1=108 s2=108 N=136048896(2^27.0196) rounds=5 trials=60 seed=42 t_start=0
# Q_b=C(s0,2)*W=4.541642e+15 (2^52.0121)  W=66770568 ; Q_a=Q_c=P2both*W (per trial)
T 0 4 1 1 8 2 2 756 700 67489318 8100524
T 1 1 3 4 2 6 8 763 788 67487407 9118753
T 2 0 1 0 0 2 0 716 654 67489704 7568166
T 3 2 1 1 4 2 2 752 732 67488321 8470590
T 4 0 0 0 0 0 0 710 745 67488748 8621192
T 5 0 1 4 0 2 8 699 771 67489135 8922370
T 6 0 0 0 0 0 0 705 671 67490375 7765082
T 7 0 0 1 0 0 2 677 730 67489038 8447456
T 8 4 1 1 8 2 2 729 738 67488870 8540376
T 9 0 2 1 0 4 2 712 734 67489024 8493863
T 10 4 0 1 8 0 2 758 731 67490138 8459366
T 11 0 2 2 0 4 4 741 737 67489333 8528862
T 12 1 0 1 2 0 2 734 703 67489643 8135270
T 13 0 0 1 0 0 2 721 734 67489444 8494200
T 14 3 0 1 6 0 2 751 711 67489132 8227508
T 15 0 1 1 0 2 2 735 730 67488817 8447923
T 16 1 0 5 2 0 10 753 797 67489660 9223156
T 17 1 1 0 2 2 0 726 760 67488674 8794835
T 18 0 0 0 0 0 0 742 711 67489351 8228249
T 19 2 1 0 4 2 0 743 688 67489646 7961744
T 20 0 0 1 0 0 2 757 765 67489934 8853168
T 21 1 0 0 2 0 0 728 727 67489218 8413026
T 22 0 0 4 0 0 8 674 722 67489418 8355181
T 23 2 2 1 4 4 2 747 729 67490393 8436439
T 24 0 0 5 0 0 10 720 754 67489288 8725447
T 25 2 1 0 4 2 0 720 696 67489104 8054274
T 26 1 0 1 2 0 2 730 658 67488689 7614432
T 27 3 0 2 6 0 4 752 706 67489156 8170098
T 28 2 1 0 4 2 0 720 702 67489147 8123692
T 29 0 0 6 0 0 12 709 744 67489814 8609363
T 30 0 0 2 0 0 4 721 704 67488578 8146644
T 31 0 1 1 0 2 2 747 760 67490186 8794552
T 32 0 1 0 0 2 0 718 732 67489346 8470967
T 33 1 2 1 2 4 2 693 709 67489227 8204848
T 34 3 1 2 6 2 4 739 701 67489865 8111983
T 35 1 2 0 2 4 0 709 719 67488954 8320280
T 36 1 1 1 2 2 2 757 727 67489414 8412908
T 37 3 0 0 6 0 0 767 725 67488991 8389836
T 38 0 1 3 0 2 6 780 674 67490044 7799995
T 39 0 1 2 0 2 4 735 745 67489305 8621199
T 40 2 1 2 4 2 4 762 721 67489659 8343533
T 41 1 1 2 2 2 4 727 746 67489531 8632851
T 42 0 0 0 0 0 0 742 682 67489535 7892036
T 43 1 0 2 2 0 4 702 728 67488895 8424137
T 44 0 1 1 0 2 2 725 732 67488737 8471031
T 45 1 2 1 2 4 2 755 700 67489905 8100643
T 46 0 3 0 0 6 0 773 676 67489787 7822718
T 47 0 0 0 0 0 0 703 698 67488787 8077405
T 48 1 0 1 2 0 2 762 761 67489902 8806965
T 49 2 0 2 4 0 4 735 731 67489076 8458943
T 50 4 0 1 8 0 2 746 741 67488659 8575467
T 51 0 0 2 0 0 4 721 752 67488729 8702208
T 52 1 0 1 2 0 2 726 712 67489830 8239268
T 53 2 1 1 4 2 2 795 708 67489620 8193340
T 54 2 0 0 4 0 0 734 762 67490098 8818040
T 55 0 0 1 0 0 2 718 789 67488979 9130441
T 56 3 0 1 6 0 2 758 707 67489629 8181856
T 57 3 1 0 6 2 0 790 695 67490156 8042726
T 58 0 1 2 0 2 4 725 726 67489421 8401527
T 59 1 0 3 2 0 6 730 688 67489562 7961641
# P_find a=34 b=30 c=43 a|b=46 a|c=52 b|c=52 a|b|c=55 of 60
