# cp_nz012 s0=11664 s1=108 s2=108 N=136048896(2^27.0196) rounds=5 trials=60 seed=42 t_start=120
# Q_b=C(s0,2)*W=4.541642e+15 (2^52.0121)  W=66770568 ; Q_a=Q_c=P2both*W (per trial)
T 120 1 0 2 2 0 4 757 751 67488658 8690705
T 121 0 2 2 0 4 4 752 755 67489689 8737484
T 122 0 1 0 0 2 0 762 754 67488585 8725445
T 123 1 0 1 2 0 2 741 714 67490050 8263113
T 124 2 1 2 4 2 4 804 733 67490072 8482604
T 125 0 2 0 0 4 0 713 678 67489707 7845809
T 126 0 0 0 0 0 0 722 704 67489109 8146571
T 127 0 0 3 0 0 6 764 823 67490072 9523434
T 128 0 2 0 0 4 0 756 692 67489318 8007859
T 129 1 2 2 2 4 4 750 705 67490467 8158219
T 130 1 0 5 2 0 10 768 729 67489793 8436236
T 131 0 0 2 0 0 4 740 733 67488323 8481740
T 132 0 1 1 0 2 2 724 707 67490085 8182108
T 133 0 0 1 0 0 2 720 733 67489927 8482337
T 134 0 1 0 0 2 0 729 722 67487963 8355189
T 135 0 0 1 0 0 2 729 683 67489942 7903910
T 136 0 0 0 0 0 0 732 702 67489158 8123458
T 137 3 1 0 6 2 0 719 680 67488246 7868967
T 138 2 1 2 4 2 4 759 738 67488568 8540378
T 139 1 1 2 2 2 4 759 720 67488978 8332062
T 140 1 0 1 2 0 2 713 689 67489298 7973376
T 141 0 2 0 0 4 0 775 739 67489928 8552186
T 142 2 0 1 4 0 2 743 748 67490505 8656083
T 143 0 1 1 0 2 2 728 681 67489820 7880981
T 144 0 0 0 0 0 0 787 711 67489565 8227911
T 145 1 0 1 2 0 2 754 723 67488450 8366776
T 146 1 1 1 2 2 2 701 726 67488590 8401722
T 147 2 1 0 4 2 0 694 697 67489177 8065646
T 148 0 0 0 0 0 0 708 723 67489101 8366618
T 149 1 1 1 2 2 2 774 756 67488590 8748389
T 150 0 3 1 0 6 2 716 663 67487968 7672502
T 151 2 1 0 4 2 0 715 707 67490356 8182163
T 152 2 1 0 4 2 0 762 761 67489635 8806374
T 153 1 3 0 2 6 0 696 673 67489600 7788170
T 154 0 1 0 0 2 0 718 671 67489176 7765202
T 155 1 2 1 2 4 2 748 735 67489236 8505406
T 156 0 2 2 0 4 4 699 755 67488759 8736781
T 157 0 0 1 0 0 2 723 689 67488988 7973487
T 158 3 1 3 6 2 6 706 741 67488392 8574880
T 159 7 0 5 14 0 10 785 725 67488957 8389626
T 160 0 0 2 0 0 4 741 707 67488816 8181771
T 161 0 2 5 0 4 10 738 728 67489302 8425027
T 162 0 0 3 0 0 6 747 707 67489991 8181445
T 163 3 2 0 6 4 0 776 741 67489414 8575328
T 164 0 0 0 0 0 0 747 722 67489736 8355117
T 165 0 0 0 0 0 0 732 729 67488634 8436311
T 166 2 2 3 4 4 6 732 735 67490072 8505727
T 167 0 0 4 0 0 8 718 756 67489838 8749090
T 168 1 1 0 2 2 0 742 710 67490133 8216171
T 169 0 5 0 0 10 0 753 684 67489714 7915167
T 170 1 0 3 2 0 6 733 768 67489841 8887414
T 171 1 1 0 2 2 0 719 741 67488733 8574941
T 172 0 0 1 0 0 2 712 697 67488813 8065682
T 173 2 1 0 4 2 0 740 697 67489341 8065733
T 174 0 0 0 0 0 0 735 720 67488433 8331883
T 175 3 1 0 6 2 0 744 774 67487668 8956609
T 176 2 0 4 4 0 8 746 757 67489313 8760270
T 177 0 2 0 0 4 0 705 759 67489179 8783670
T 178 0 0 0 0 0 0 719 750 67489462 8679324
T 179 1 0 0 2 0 0 772 728 67490830 8424542
# P_find a=29 b=33 c=33 a|b=43 a|c=44 b|c=51 a|b|c=52 of 60
