# cp_nz012 s0=11664 s1=108 s2=108 N=136048896(2^27.0196) rounds=5 trials=60 seed=42 t_start=240
# Q_b=C(s0,2)*W=4.541642e+15 (2^52.0121)  W=66770568 ; Q_a=Q_c=P2both*W (per trial)
T 240 0 1 3 0 2 6 755 741 67489608 8575165
T 241 1 1 1 2 2 2 722 738 67488059 8540566
T 242 2 1 1 4 2 2 770 753 67489024 8714042
T 243 0 2 0 0 4 0 741 688 67489413 7961610
T 244 2 1 1 4 2 2 743 741 67489401 8574562
T 245 0 0 2 0 0 4 782 677 67488581 7834516
T 246 0 0 0 0 0 0 704 665 67489018 7695473
T 247 0 1 0 0 2 0 743 733 67489142 8482353
T 248 0 0 0 0 0 0 716 637 67489922 7372032
T 249 0 0 4 0 0 8 753 751 67489885 8690597
T 250 1 1 1 2 2 2 751 794 67490118 9188519
T 251 0 0 0 0 0 0 719 714 67489559 8262319
T 252 1 1 3 2 2 6 795 707 67490886 8182175
T 253 1 0 2 2 0 4 724 746 67488988 8632985
T 254 2 3 0 4 6 0 719 720 67489623 8331920
T 255 1 0 0 2 0 0 698 750 67489207 8679147
T 256 0 1 0 0 2 0 719 667 67488878 7718269
T 257 1 0 0 2 0 0 722 711 67488944 8227876
T 258 3 0 0 6 0 0 747 694 67489238 8031013
T 259 0 1 0 0 2 0 727 688 67490530 7962074
T 260 1 0 0 2 0 0 729 715 67490511 8274150
T 261 1 0 1 2 0 2 722 746 67490022 8632899
T 262 0 1 1 0 2 2 749 714 67489800 8262866
T 263 0 2 0 0 4 0 693 645 67489226 7464161
T 264 2 0 0 4 0 0 755 728 67488447 8424235
T 265 1 0 1 2 0 2 728 731 67489115 8459114
T 266 0 0 4 0 0 8 722 775 67488878 8968224
T 267 0 0 0 0 0 0 704 690 67489489 7984723
T 268 1 2 0 2 4 0 748 652 67490379 7544881
T 269 0 0 1 0 0 2 707 726 67489837 8401367
T 270 0 0 0 0 0 0 718 748 67489855 8655553
T 271 2 0 0 4 0 0 747 713 67489592 8251000
T 272 3 1 2 6 2 4 753 767 67490009 8876184
T 273 1 0 0 2 0 0 789 714 67489851 8262915
T 274 0 0 3 0 0 6 717 731 67488255 8459326
T 275 1 1 0 2 2 0 728 693 67489353 8019717
T 276 0 1 0 0 2 0 699 701 67489718 8111989
T 277 1 4 1 2 8 2 750 763 67489004 8829276
T 278 0 0 1 0 0 2 713 743 67488701 8598127
T 279 2 0 0 4 0 0 729 729 67490050 8436351
T 280 1 2 1 2 4 2 707 742 67488814 8587026
T 281 0 0 1 0 0 2 717 734 67489223 8493671
T 282 0 0 2 0 0 4 731 746 67489567 8632915
T 283 3 0 2 6 0 4 756 725 67489108 8390090
T 284 2 0 0 4 0 0 703 731 67489831 8459046
T 285 0 1 0 0 2 0 698 739 67488553 8551777
T 286 3 1 0 6 2 0 769 732 67488461 8470772
T 287 0 1 0 0 2 0 678 687 67489054 7949921
T 288 1 0 0 2 0 0 744 710 67488919 8216298
T 289 0 0 3 0 0 6 710 762 67489737 8817786
T 290 1 2 1 2 4 2 778 774 67488993 8956712
T 291 0 0 2 0 0 4 749 704 67489685 8146696
T 292 0 0 2 0 0 4 786 754 67489296 8725404
T 293 3 3 1 6 6 2 732 750 67490065 8679279
T 294 0 0 1 0 0 2 741 725 67489232 8389744
T 295 0 2 1 0 4 2 761 746 67490261 8633203
T 296 0 0 2 0 0 4 730 680 67489054 7869074
T 297 1 2 0 2 4 0 777 717 67488970 8297309
T 298 0 1 0 0 2 0 747 734 67489252 8493698
T 299 1 1 3 2 2 6 764 735 67488871 8505197
# P_find a=30 b=28 c=31 a|b=42 a|c=46 b|c=45 a|b|c=55 of 60
