# cp_nz012 s0=11664 s1=108 s2=108 N=136048896(2^27.0196) rounds=5 trials=60 seed=42 t_start=180
# Q_b=C(s0,2)*W=4.541642e+15 (2^52.0121)  W=66770568 ; Q_a=Q_c=P2both*W (per trial)
T 180 0 0 0 0 0 0 725 704 67489358 8146918
T 181 4 0 2 8 0 4 776 723 67488955 8366867
T 182 1 0 0 2 0 0 752 698 67488750 8076949
T 183 0 0 5 0 0 10 723 731 67489195 8459273
T 184 1 2 0 2 4 0 728 659 67489577 7626042
T 185 1 1 0 2 2 0 775 644 67489089 7452383
T 186 3 1 0 6 2 0 762 712 67490559 8239517
T 187 0 3 2 0 6 4 771 711 67490021 8227996
T 188 1 1 0 2 2 0 741 650 67489817 7521716
T 189 2 1 0 4 2 0 730 724 67488057 8378070
T 190 0 0 0 0 0 0 719 750 67490002 8679171
T 191 0 1 0 0 2 0 719 708 67489617 8192915
T 192 1 1 2 2 2 4 754 694 67488812 8031047
T 193 5 0 2 10 0 4 763 749 67488680 8667215
T 194 1 1 0 2 2 0 749 681 67489992 7880752
T 195 1 0 0 2 0 0 710 716 67488994 8286048
T 196 0 0 1 0 0 2 708 728 67487634 8424107
T 197 0 1 0 0 2 0 706 737 67489333 8529153
T 198 0 1 0 0 2 0 689 715 67488898 8273739
T 199 0 1 4 0 2 8 769 767 67489717 8875534
T 200 0 1 2 0 2 4 716 823 67489766 9523812
T 201 1 1 0 2 2 0 734 705 67489782 8158623
T 202 1 2 4 2 4 8 714 705 67489552 8158692
T 203 0 1 7 0 2 14 736 727 67488978 8413516
T 204 3 0 1 6 0 2 745 753 67489158 8713795
T 205 1 1 1 2 2 2 740 704 67488346 8146535
T 206 1 0 1 2 0 2 699 708 67488369 8192752
T 207 2 2 0 4 4 0 713 733 67489567 8482635
T 208 1 1 0 2 2 0 696 735 67488849 8505245
T 209 0 1 1 0 2 2 746 702 67489011 8123385
T 210 0 2 0 0 4 0 779 656 67489529 7591650
T 211 3 0 0 6 0 0 797 731 67488889 8459371
T 212 1 2 1 2 4 2 710 739 67488424 8551751
T 213 0 0 0 0 0 0 777 717 67489387 8296803
T 214 0 5 0 0 10 0 710 727 67487965 8412838
T 215 0 1 0 0 2 0 734 792 67489024 9165633
T 216 0 1 0 0 2 0 680 790 67489133 9142092
T 217 1 0 0 2 0 0 738 682 67489415 7892118
T 218 1 2 0 2 4 0 721 687 67489443 7949899
T 219 1 0 2 2 0 4 740 731 67489221 8459220
T 220 0 0 4 0 0 8 732 777 67489033 8991361
T 221 3 1 2 6 2 4 730 725 67489267 8390132
T 222 0 1 0 0 2 0 723 705 67489419 8158442
T 223 1 1 0 2 2 0 688 722 67490483 8354928
T 224 2 1 1 4 2 2 732 745 67489084 8621663
T 225 2 1 0 4 2 0 730 719 67489512 8320619
T 226 1 1 2 2 2 4 740 761 67489891 8806707
T 227 0 0 0 0 0 0 753 697 67490002 8066460
T 228 2 0 2 4 0 4 789 745 67489631 8621567
T 229 2 1 1 4 2 2 751 736 67488498 8516799
T 230 1 2 2 2 4 4 726 764 67488803 8841481
T 231 1 2 0 2 4 0 762 699 67488913 8089035
T 232 3 2 1 6 4 2 752 750 67489800 8679373
T 233 1 1 1 2 2 2 739 713 67489803 8251014
T 234 2 1 0 4 2 0 808 709 67489210 8204671
T 235 0 1 0 0 2 0 779 736 67489679 8517308
T 236 0 0 3 0 0 6 732 772 67489139 8934232
T 237 3 2 0 6 4 0 740 739 67489254 8552176
T 238 1 0 0 2 0 0 701 685 67489924 7927131
T 239 0 1 0 0 2 0 757 725 67489210 8389733
# P_find a=37 b=41 c=26 a|b=52 a|c=46 b|c=51 a|b|c=56 of 60
