# cp_nz012 s0=11664 s1=108 s2=108 N=136048896(2^27.0196) rounds=5 trials=60 seed=42 t_start=60
# Q_b=C(s0,2)*W=4.541642e+15 (2^52.0121)  W=66770568 ; Q_a=Q_c=P2both*W (per trial)
T 60 1 0 2 2 0 4 759 683 67489184 7903715
T 61 1 1 0 2 2 0 708 664 67488970 7683951
T 62 2 2 0 4 4 0 741 664 67489056 7683645
T 63 0 0 2 0 0 4 694 730 67489838 8447977
T 64 0 1 0 0 2 0 758 741 67489743 8575075
T 65 0 2 0 0 4 0 723 687 67489516 7949993
T 66 1 1 2 2 2 4 717 688 67490216 7962168
T 67 0 1 4 0 2 8 703 747 67488218 8643955
T 68 0 1 0 0 2 0 709 709 67488536 8204700
T 69 0 1 0 0 2 0 697 695 67489939 8043009
T 70 2 1 0 4 2 0 693 742 67489411 8586638
T 71 1 0 1 2 0 2 742 765 67490219 8852950
T 72 1 1 1 2 2 2 722 742 67489066 8586411
T 73 2 3 0 4 6 0 799 760 67489933 8794587
T 74 1 1 0 2 2 0 729 709 67489444 8204702
T 75 0 1 1 0 2 2 752 715 67490585 8274007
T 76 0 0 2 0 0 4 729 764 67488504 8841072
T 77 0 1 1 0 2 2 688 721 67490180 8343813
T 78 2 0 0 4 0 0 700 688 67489863 7961646
T 79 0 1 1 0 2 2 729 728 67489234 8424391
T 80 0 0 0 0 0 0 712 677 67489086 7834401
T 81 1 1 2 2 2 4 727 737 67488957 8528113
T 82 0 0 3 0 0 6 748 716 67489318 8285796
T 83 0 1 1 0 2 2 708 754 67489246 8725426
T 84 0 0 0 0 0 0 763 742 67489085 8586296
T 85 0 2 0 0 4 0 795 722 67489316 8355002
T 86 2 0 2 4 0 4 743 705 67488694 8158204
T 87 1 0 0 2 0 0 753 718 67489099 8309018
T 88 2 3 2 4 6 4 722 733 67488754 8482149
T 89 6 1 1 12 2 2 727 702 67490063 8123924
T 90 3 2 0 6 4 0 761 666 67488736 7706923
T 91 0 0 0 0 0 0 717 732 67488087 8470789
T 92 0 2 1 0 4 2 729 750 67488959 8679276
T 93 0 0 0 0 0 0 733 701 67490809 8112741
T 94 2 3 1 4 6 2 749 702 67489496 8123896
T 95 0 1 2 0 2 4 737 802 67489245 9280818
T 96 1 0 4 2 0 8 727 774 67489041 8956636
T 97 0 1 0 0 2 0 710 754 67489665 8725291
T 98 3 2 1 6 4 2 718 703 67489206 8135183
T 99 1 0 2 2 0 4 730 679 67490000 7857869
T 100 0 4 2 0 8 4 727 728 67489343 8424357
T 101 1 2 0 2 4 0 765 715 67488860 8273944
T 102 0 0 1 0 0 2 727 760 67490294 8795200
T 103 5 1 1 10 2 2 727 702 67489785 8123726
T 104 1 0 2 2 0 4 696 709 67489019 8205090
T 105 0 0 1 0 0 2 733 770 67489277 8910652
T 106 0 2 0 0 4 0 700 685 67489464 7926885
T 107 0 0 3 0 0 6 773 700 67487830 8100433
T 108 0 1 1 0 2 2 709 754 67489593 8725586
T 109 1 2 0 2 4 0 695 741 67489433 8575077
T 110 1 2 1 2 4 2 742 764 67489304 8840936
T 111 1 1 5 2 2 10 691 787 67489049 9107212
T 112 1 1 3 2 2 6 702 731 67489683 8459462
T 113 0 0 2 0 0 4 704 686 67490042 7938759
T 114 0 2 2 0 4 4 746 753 67489623 8714172
T 115 2 2 0 4 4 0 737 743 67489700 8598480
T 116 1 2 2 2 4 4 720 776 67488737 8980028
T 117 0 0 0 0 0 0 765 729 67489107 8436148
T 118 0 0 2 0 0 4 682 750 67489047 8679466
T 119 0 1 1 0 2 2 712 678 67489483 7846414
# P_find a=29 b=39 c=37 a|b=47 a|c=48 b|c=53 a|b|c=55 of 60
