# cp_nz012 s0=12515 s1=111 s2=111 N=154197315(2^27.2002) rounds=5 trials=60 seed=42 t_start=240
# Q_b=C(s0,2)*W=5.837116e+15 (2^52.3742)  W=74542050 ; Q_a=Q_c=P2both*W (per trial)
T 240 0 6 2 0 12 4 876 883 77697337 10963733
T 241 1 2 1 2 4 2 888 880 77696000 10926331
T 242 3 2 0 6 4 0 927 900 77696657 11174619
T 243 0 2 0 0 4 0 883 893 77697036 11088214
T 244 1 2 1 2 4 2 905 830 77697092 10305820
T 245 0 1 0 0 2 0 836 813 77696251 10094668
T 246 0 1 1 0 2 2 830 850 77696888 10554341
T 247 1 0 0 2 0 0 871 898 77696501 11149672
T 248 1 1 2 2 2 4 845 873 77697346 10839250
T 249 3 4 1 6 8 2 906 926 77697459 11497684
T 250 0 1 2 0 2 4 917 866 77697388 10753310
T 251 0 1 0 0 2 0 857 824 77696684 10231521
T 252 5 1 1 10 2 2 915 858 77698618 10653520
T 253 3 0 1 6 0 2 899 919 77696908 11410880
T 254 0 1 1 0 2 2 908 859 77697326 10665780
T 255 1 1 0 2 2 0 899 879 77696539 10914427
T 256 1 1 0 2 2 0 915 906 77696738 11249820
T 257 3 1 0 6 2 0 915 833 77696892 10343194
T 258 1 0 0 2 0 0 858 922 77696794 11448178
T 259 1 2 1 2 4 2 910 925 77698349 11485311
T 260 0 3 0 0 6 0 816 835 77698045 10368280
T 261 1 1 2 2 2 4 862 836 77698227 10380640
T 262 1 4 3 2 8 6 866 844 77697356 10479448
T 263 0 0 0 0 0 0 913 916 77696857 11373994
T 264 3 1 0 6 2 0 895 896 77696212 11124738
T 265 2 0 2 4 0 4 863 896 77696827 11125261
T 266 0 2 2 0 4 4 935 909 77696688 11286713
T 267 0 1 0 0 2 0 842 845 77697254 10491749
T 268 3 2 0 6 4 0 903 840 77697855 10430459
T 269 0 1 3 0 2 6 870 856 77698002 10628925
T 270 2 0 0 4 0 0 912 888 77697307 11026723
T 271 1 1 5 2 2 10 879 902 77696917 11199536
T 272 0 1 1 0 2 2 905 854 77698007 10603621
T 273 3 0 0 6 0 0 919 831 77697537 10318424
T 274 0 2 0 0 4 0 911 891 77696141 11062900
T 275 1 0 1 2 0 2 879 898 77696967 11150579
T 276 0 1 3 0 2 6 850 802 77697536 9957960
T 277 2 1 5 4 2 10 887 861 77696535 10690945
T 278 0 2 2 0 4 4 920 885 77696693 10988897
T 279 1 1 2 2 2 4 895 867 77697406 10764724
T 280 2 0 0 4 0 0 911 853 77696415 10591225
T 281 1 1 1 2 2 2 846 923 77696950 11460272
T 282 0 1 1 0 2 2 912 872 77697371 10827317
T 283 0 0 4 0 0 8 933 869 77696885 10790188
T 284 2 3 1 4 6 2 877 836 77697767 10380249
T 285 0 2 0 0 4 0 931 826 77696322 10256336
T 286 1 0 1 2 0 2 888 826 77696299 10255793
T 287 3 1 3 6 2 6 883 837 77696860 10393163
T 288 2 2 3 4 4 6 877 862 77696617 10702977
T 289 2 1 3 4 2 6 896 871 77697282 10814736
T 290 0 1 2 0 2 4 875 884 77696689 10975940
T 291 0 0 2 0 0 4 929 889 77697408 11038208
T 292 0 0 1 0 0 2 874 871 77696798 10814625
T 293 4 2 3 8 4 6 907 884 77697132 10976378
T 294 0 4 0 0 8 0 911 868 77697026 10777853
T 295 2 0 1 4 0 2 913 833 77698125 10343013
T 296 1 1 6 2 2 12 848 931 77696401 11559702
T 297 0 1 3 0 2 6 927 839 77696958 10417150
T 298 0 1 1 0 2 2 901 855 77696892 10616317
T 299 1 1 3 2 2 6 883 870 77696664 10802407
# P_find a=35 b=46 c=40 a|b=56 a|c=51 b|c=54 a|b|c=59 of 60
