# cp_nz012 s0=12515 s1=111 s2=111 N=154197315(2^27.2002) rounds=5 trials=60 seed=42 t_start=180
# Q_b=C(s0,2)*W=5.837116e+15 (2^52.3742)  W=74542050 ; Q_a=Q_c=P2both*W (per trial)
T 180 0 2 2 0 4 4 852 863 77697161 10715464
T 181 0 1 3 0 2 6 903 886 77696142 11001238
T 182 2 2 0 4 4 0 890 855 77695883 10615779
T 183 0 0 3 0 0 6 870 880 77696931 10926643
T 184 4 0 1 8 0 2 919 857 77697227 10641231
T 185 2 2 0 4 4 0 903 860 77696860 10677974
T 186 3 2 3 6 4 6 905 823 77698139 10219054
T 187 0 1 1 0 2 2 866 860 77697505 10678799
T 188 4 0 2 8 0 4 860 917 77697610 11385696
T 189 2 3 0 4 6 0 876 876 77695830 10877134
T 190 1 0 2 2 0 4 926 921 77697766 11436180
T 191 3 0 0 6 0 0 855 921 77697171 11435569
T 192 0 1 1 0 2 2 925 884 77696663 10976514
T 193 3 1 2 6 2 4 916 821 77696577 10194045
T 194 0 0 0 0 0 0 888 830 77697609 10305695
T 195 0 2 0 0 4 0 900 829 77696740 10293375
T 196 1 1 1 2 2 2 813 860 77694901 10677696
T 197 0 1 2 0 2 4 916 853 77697308 10591825
T 198 0 0 1 0 0 2 905 844 77695939 10479569
T 199 1 3 1 2 6 2 912 842 77697222 10454983
T 200 0 0 8 0 0 16 880 916 77697694 11373509
T 201 2 1 2 4 2 4 960 846 77697130 10504373
T 202 1 2 0 2 4 0 873 783 77697159 9722181
T 203 0 2 3 0 4 6 860 902 77696678 11199861
T 204 1 2 5 2 4 10 898 868 77696354 10777402
T 205 2 1 0 4 2 0 899 834 77696123 10355305
T 206 1 1 1 2 2 2 899 877 77696496 10889472
T 207 0 1 0 0 2 0 827 816 77697551 10132295
T 208 1 3 0 2 6 0 897 864 77696569 10727734
T 209 1 2 2 2 4 4 930 888 77696846 11026497
T 210 1 1 0 2 2 0 876 817 77697301 10143913
T 211 3 0 0 6 0 0 917 890 77696028 11050437
T 212 0 1 2 0 2 4 866 837 77696229 10392827
T 213 0 1 1 0 2 2 870 905 77697435 11236304
T 214 2 2 2 4 4 4 900 880 77695281 10926349
T 215 4 0 0 8 0 0 962 849 77696933 10541806
T 216 1 5 0 2 10 0 883 877 77696943 10889361
T 217 0 2 2 0 4 4 937 893 77697059 11087953
T 218 1 1 1 2 2 2 850 767 77697369 9523654
T 219 4 0 0 8 0 0 923 859 77696821 10665749
T 220 2 1 2 4 2 4 866 887 77696707 11013810
T 221 0 1 3 0 2 6 869 909 77696879 11286739
T 222 0 1 0 0 2 0 907 848 77697196 10529247
T 223 0 1 0 0 2 0 951 877 77697926 10889551
T 224 2 2 1 4 4 2 850 859 77696462 10665908
T 225 1 1 2 2 2 4 931 866 77697228 10752750
T 226 1 1 2 2 2 4 850 875 77697949 10865056
T 227 2 1 1 4 2 2 898 859 77698172 10666064
T 228 0 1 2 0 2 4 907 832 77697003 10330310
T 229 3 2 4 6 4 8 894 883 77696331 10963899
T 230 1 0 1 2 0 2 889 857 77696351 10641223
T 231 0 0 0 0 0 0 899 855 77696497 10616047
T 232 1 0 4 2 0 8 929 884 77697649 10976431
T 233 0 1 0 0 2 0 902 792 77697258 9833961
T 234 1 3 0 2 6 0 893 825 77696729 10243590
T 235 0 0 0 0 0 0 868 869 77696881 10789626
T 236 3 2 3 6 4 6 916 862 77696676 10702624
T 237 4 3 0 8 6 0 925 830 77696803 10305115
T 238 3 0 0 6 0 0 870 826 77697499 10256105
T 239 0 0 0 0 0 0 898 869 77696750 10789805
# P_find a=37 b=43 c=36 a|b=53 a|c=51 b|c=51 a|b|c=56 of 60
