# cp_nz012 s0=12515 s1=111 s2=111 N=154197315(2^27.2002) rounds=5 trials=60 seed=42 t_start=120
# Q_b=C(s0,2)*W=5.837116e+15 (2^52.3742)  W=74542050 ; Q_a=Q_c=P2both*W (per trial)
T 120 4 1 1 8 2 2 948 907 77696206 11261506
T 121 0 1 3 0 2 6 854 929 77697389 11535105
T 122 2 0 1 4 0 2 841 896 77696518 11125379
T 123 0 0 1 0 0 2 904 853 77697479 10591921
T 124 4 1 4 8 2 8 924 896 77697777 11125355
T 125 3 0 2 6 0 4 859 816 77697863 10132116
T 126 0 1 2 0 2 4 921 869 77696652 10789751
T 127 2 1 0 4 2 0 872 885 77697633 10988702
T 128 0 1 0 0 2 0 925 870 77697129 10802647
T 129 0 1 0 0 2 0 925 800 77698315 9933512
T 130 1 0 2 2 0 4 926 815 77697583 10119548
T 131 0 0 1 0 0 2 831 812 77695837 10081985
T 132 0 0 0 0 0 0 941 859 77697457 10666108
T 133 1 0 0 2 0 0 837 852 77698039 10578933
T 134 0 1 1 0 2 2 803 860 77695991 10678267
T 135 2 2 3 4 4 6 863 874 77697069 10851878
T 136 2 1 0 4 2 0 921 851 77697298 10566841
T 137 1 1 3 2 2 6 874 830 77695508 10305642
T 138 0 2 3 0 4 6 874 866 77696543 10752686
T 139 3 3 3 6 6 6 870 875 77696782 10864424
T 140 3 0 2 6 0 4 868 867 77697304 10765626
T 141 6 3 0 12 6 0 901 846 77697792 10504903
T 142 1 0 1 2 0 2 906 886 77698416 11001050
T 143 3 1 0 6 2 0 883 816 77697426 10131507
T 144 1 0 0 2 0 0 955 831 77697018 10318618
T 145 3 1 1 6 2 2 843 967 77696005 12006289
T 146 2 0 1 4 0 2 862 868 77696560 10777570
T 147 1 1 0 2 2 0 878 835 77696454 10367763
T 148 1 1 0 2 2 0 858 814 77696620 10106833
T 149 1 0 1 2 0 2 882 868 77696401 10777256
T 150 1 1 0 2 2 0 934 843 77695366 10467127
T 151 2 2 2 4 4 4 906 832 77697778 10330624
T 152 1 3 3 2 6 6 889 876 77697600 10876857
T 153 0 1 0 0 2 0 904 846 77697172 10504724
T 154 0 0 1 0 0 2 813 868 77697163 10777924
T 155 1 2 0 2 4 0 856 821 77697309 10193890
T 156 0 0 3 0 0 6 900 934 77696183 11597489
T 157 1 0 2 2 0 4 908 910 77696461 11299120
T 158 2 2 2 4 4 4 837 905 77696005 11236707
T 159 0 1 6 0 2 12 944 908 77696650 11274530
T 160 2 2 2 4 4 4 889 893 77696639 11088032
T 161 2 0 2 4 0 4 933 852 77696891 10578754
T 162 1 1 3 2 2 6 873 874 77697533 10852440
T 163 2 2 1 4 4 2 910 859 77696814 10666152
T 164 0 2 0 0 4 0 906 838 77697390 10404797
T 165 1 1 1 2 2 2 879 892 77696359 11075327
T 166 1 1 3 2 2 6 848 802 77697637 9958007
T 167 1 0 5 2 0 10 857 892 77697603 11075605
T 168 3 0 0 6 0 0 886 767 77697521 9523695
T 169 0 0 1 0 0 2 867 915 77697901 11361575
T 170 2 1 1 4 2 2 943 863 77697965 10715920
T 171 0 0 0 0 0 0 929 860 77696381 10678248
T 172 1 1 8 2 2 16 839 877 77696223 10889330
T 173 0 1 0 0 2 0 917 886 77696704 11001170
T 174 4 1 0 8 2 0 929 903 77696375 11212145
T 175 3 1 4 6 2 8 947 861 77695300 10690699
T 176 2 0 0 4 0 0 922 866 77697340 10752742
T 177 0 3 0 0 6 0 907 836 77696915 10380254
T 178 3 0 0 6 0 0 863 898 77697003 11150240
T 179 1 0 4 2 0 8 883 911 77698384 11311358
# P_find a=42 b=37 c=38 a|b=53 a|c=52 b|c=53 a|b|c=58 of 60
