# cp_nz012 s0=12515 s1=111 s2=111 N=154197315(2^27.2002) rounds=5 trials=60 seed=42 t_start=0
# Q_b=C(s0,2)*W=5.837116e+15 (2^52.3742)  W=74542050 ; Q_a=Q_c=P2both*W (per trial)
T 0 3 1 1 6 2 2 884 881 77696996 10938339
T 1 4 0 2 8 0 4 910 900 77694885 11174240
T 2 1 0 0 2 0 0 887 803 77697339 9970625
T 3 1 1 1 2 2 2 922 878 77696209 10901774
T 4 0 0 0 0 0 0 919 868 77695884 10777406
T 5 0 4 1 0 8 2 836 901 77696509 11187470
T 6 0 0 0 0 0 0 935 818 77697902 10157063
T 7 0 0 5 0 0 10 916 938 77696499 11646856
T 8 3 2 0 6 4 0 883 847 77696310 10516884
T 9 0 2 2 0 4 4 887 893 77696214 11088109
T 10 1 2 0 2 4 0 851 881 77698039 10938687
T 11 0 1 0 0 2 0 906 818 77696703 10157121
T 12 1 2 3 2 4 6 843 877 77697314 10889005
T 13 0 1 1 0 2 2 816 854 77696864 10603992
T 14 3 3 1 6 6 2 930 845 77697100 10491915
T 15 0 0 1 0 0 2 850 862 77696403 10703189
T 16 5 2 3 10 4 6 928 930 77697390 11547590
T 17 1 0 0 2 0 0 890 868 77696264 10777698
T 18 1 0 0 2 0 0 869 899 77697365 11162592
T 19 2 2 0 4 4 0 924 857 77697335 10641435
T 20 0 0 1 0 0 2 891 896 77697631 11125537
T 21 0 1 0 0 2 0 896 902 77696923 11199917
T 22 0 0 3 0 0 6 872 903 77696654 11212000
T 23 0 0 4 0 0 8 893 912 77698390 11324378
T 24 1 2 3 2 4 6 906 916 77696905 11373390
T 25 3 1 0 6 2 0 897 821 77697157 10194019
T 26 4 0 1 8 0 2 882 821 77696276 10193925
T 27 2 0 4 4 0 8 887 883 77696961 10964117
T 28 1 0 0 2 0 0 929 850 77696746 10554070
T 29 1 1 0 2 2 0 852 863 77697331 10715836
T 30 5 1 0 10 2 0 909 889 77696032 11039063
T 31 1 2 3 2 4 6 919 932 77698187 11572138
T 32 1 1 2 2 2 4 840 885 77696986 10988722
T 33 3 0 0 6 0 0 902 833 77696853 10342844
T 34 4 0 2 8 0 4 914 872 77697456 10826993
T 35 0 0 1 0 0 2 897 883 77695949 10963943
T 36 5 0 0 10 0 0 921 790 77697120 9809007
T 37 1 0 1 2 0 2 853 873 77696875 10839590
T 38 1 0 3 2 0 6 952 872 77697393 10827546
T 39 3 0 3 6 0 6 891 909 77697104 11286594
T 40 4 2 2 8 4 4 943 926 77697117 11497617
T 41 2 0 1 4 0 2 932 851 77697489 10566480
T 42 3 0 2 6 0 4 895 872 77697476 10827099
T 43 2 0 0 4 0 0 866 865 77696717 10740591
T 44 0 2 2 0 4 4 880 932 77696454 11571862
T 45 0 2 0 0 4 0 918 858 77697814 10653480
T 46 0 3 0 0 6 0 909 833 77697376 10343464
T 47 0 1 0 0 2 0 890 833 77697084 10343204
T 48 1 2 1 2 4 2 869 868 77697814 10777758
T 49 1 0 1 2 0 2 886 904 77696879 11224761
T 50 3 0 3 6 0 6 843 924 77695984 11472672
T 51 0 1 4 0 2 8 873 902 77696154 11199891
T 52 2 0 0 4 0 0 916 851 77697374 10566660
T 53 2 0 1 4 0 2 900 799 77697303 9921255
T 54 4 3 2 8 6 4 862 846 77697250 10504702
T 55 2 2 4 4 4 8 869 867 77696700 10764769
T 56 3 0 0 6 0 0 878 877 77697490 10889590
T 57 2 3 0 4 6 0 910 853 77697438 10591787
T 58 3 2 3 6 4 6 879 907 77697403 11261751
T 59 2 0 4 4 0 8 888 888 77697378 11025990
# P_find a=42 b=30 c=37 a|b=52 a|c=53 b|c=49 a|b|c=58 of 60
