# cp_nz012 s0=12515 s1=111 s2=111 N=154197315(2^27.2002) rounds=5 trials=60 seed=42 t_start=60
# Q_b=C(s0,2)*W=5.837116e+15 (2^52.3742)  W=74542050 ; Q_a=Q_c=P2both*W (per trial)
T 60 0 0 2 0 0 4 948 911 77696905 11312153
T 61 4 0 1 8 0 2 852 887 77696740 11013730
T 62 1 0 0 2 0 0 925 830 77696932 10305257
T 63 0 0 1 0 0 2 862 906 77697380 11249378
T 64 1 1 0 2 2 0 908 870 77697316 10802380
T 65 0 0 0 0 0 0 854 871 77697059 10815110
T 66 0 1 0 0 2 0 947 865 77697753 10740498
T 67 1 0 1 2 0 2 849 888 77695655 11025653
T 68 0 2 0 0 4 0 843 879 77695968 10914084
T 69 0 1 4 0 2 8 874 897 77697577 11137664
T 70 0 0 0 0 0 0 872 815 77697131 10119056
T 71 1 1 2 2 2 4 931 924 77697836 11472879
T 72 0 1 1 0 2 2 906 897 77696673 11137871
T 73 3 1 1 6 2 2 941 868 77697598 10777744
T 74 2 0 0 4 0 0 904 869 77697077 10789757
T 75 0 2 0 0 4 0 945 890 77698157 11050728
T 76 0 0 3 0 0 6 910 884 77696336 10976654
T 77 2 1 0 4 2 0 871 834 77697856 10355725
T 78 1 1 0 2 2 0 893 865 77697229 10740599
T 79 0 1 3 0 2 6 838 837 77696524 10392943
T 80 0 0 0 0 0 0 863 880 77696697 10926431
T 81 2 2 2 4 4 4 956 863 77696609 10715243
T 82 1 1 1 2 2 2 890 832 77696888 10330142
T 83 0 1 4 0 2 8 909 838 77696566 10405302
T 84 1 1 0 2 2 0 873 868 77696744 10777338
T 85 3 1 2 6 2 4 928 853 77697198 10591314
T 86 2 1 0 4 2 0 896 867 77696493 10765390
T 87 4 0 3 8 0 6 927 972 77697214 12068969
T 88 1 1 2 2 2 4 902 820 77695904 10181754
T 89 6 0 2 12 0 4 930 850 77698117 10554330
T 90 2 2 2 4 4 4 925 820 77696434 10181342
T 91 1 1 2 2 2 4 938 916 77695937 11373826
T 92 1 1 3 2 2 6 849 917 77696512 11386206
T 93 0 0 1 0 0 2 882 910 77698177 11299421
T 94 4 2 0 8 4 0 933 864 77697450 10727746
T 95 1 0 1 2 0 2 899 872 77696999 10826924
T 96 1 0 1 2 0 2 905 907 77696768 11262312
T 97 0 1 1 0 2 2 867 862 77697229 10703479
T 98 0 0 0 0 0 0 871 871 77697207 10814458
T 99 1 1 2 2 2 4 909 906 77697673 11250030
T 100 1 1 0 2 2 0 848 889 77697003 11038964
T 101 0 1 0 0 2 0 871 867 77696537 10765818
T 102 1 1 1 2 2 2 864 869 77698026 10790209
T 103 1 0 4 2 0 8 868 860 77697477 10678372
T 104 0 1 1 0 2 2 914 852 77695927 10578643
T 105 0 1 0 0 2 0 841 911 77697139 11311330
T 106 0 1 0 0 2 0 846 856 77697094 10628926
T 107 1 0 0 2 0 0 878 856 77695151 10628756
T 108 0 0 3 0 0 6 833 921 77697129 11435750
T 109 1 1 0 2 2 0 883 887 77697429 11013662
T 110 1 0 1 2 0 2 867 879 77696908 10913743
T 111 1 1 5 2 2 10 901 878 77696848 10902227
T 112 0 1 5 0 2 10 893 896 77697349 11125360
T 113 0 0 1 0 0 2 926 875 77697639 10864638
T 114 1 1 0 2 2 0 918 852 77697570 10578749
T 115 0 2 0 0 4 0 887 837 77696976 10392622
T 116 8 0 2 16 0 4 931 914 77696367 11348632
T 117 5 2 1 10 4 2 898 920 77696618 11422776
T 118 0 4 3 0 8 6 902 850 77696769 10553992
T 119 2 2 2 4 4 4 833 858 77697355 10653270
# P_find a=35 b=38 c=37 a|b=50 a|c=49 b|c=53 a|b|c=56 of 60
