# cp_nz012f s0=14366 s1=119 s2=119 N=203436926(2^27.6000) rounds=5 trials=30 seed=42 t_start=251
# Q_b=C(s0,2)*W=1.017277e+16 (2^53.1756)  W=98588882 ; Q_a=Q_c=P2both*W (per trial)
T 251 1 0 0 2 0 0 1444 1271 102379178 18115035
T 252 2 1 1 4 2 2 1420 1332 102382004 18986004
T 253 1 1 3 2 2 6 1343 1276 102380740 18187118
T 254 2 2 1 4 4 2 1333 1305 102380705 18600459
T 255 1 0 0 2 0 0 1371 1292 102381075 18415485
T 256 2 3 2 4 6 4 1320 1323 102380621 18856523
T 257 3 2 0 6 4 0 1392 1310 102380441 18671609
T 258 1 4 0 2 8 0 1331 1382 102381161 19698292
T 259 1 2 10 2 4 20 1372 1401 102381976 19968680
T 260 2 4 0 4 8 0 1336 1346 102382134 19185676
T 261 0 0 1 0 0 2 1360 1306 102382426 18614835
T 262 6 3 1 12 6 2 1428 1335 102381096 19027816
T 263 0 4 0 0 8 0 1337 1327 102380499 18913834
T 264 1 3 0 2 6 0 1344 1341 102380659 19113595
T 265 1 2 4 2 4 8 1318 1276 102380764 18186830
T 266 0 1 4 0 2 8 1353 1334 102380213 19012979
T 267 0 2 0 0 4 0 1302 1255 102380527 17887521
T 268 6 2 0 12 4 0 1369 1268 102382185 18073480
T 269 0 0 2 0 0 4 1329 1278 102381809 18215886
T 270 1 1 1 2 2 2 1433 1331 102380940 18971159
T 271 2 2 8 4 4 16 1364 1416 102380487 20182196
T 272 3 0 3 6 0 6 1359 1384 102382192 19726697
T 273 7 0 0 14 0 0 1418 1223 102381823 17431945
T 274 0 2 3 0 4 6 1309 1306 102380648 18615031
T 275 4 1 0 8 2 0 1332 1299 102380667 18514666
T 276 0 1 1 0 2 2 1319 1313 102381304 18714351
T 277 4 2 2 8 4 4 1408 1323 102379993 18857135
T 278 1 2 7 2 4 14 1309 1338 102380292 19071037
T 279 3 3 3 6 6 6 1343 1371 102381525 19540899
T 280 5 2 1 10 4 2 1256 1298 102380300 18500667
# P_find a=23 b=24 c=19 a|b=28 a|c=28 b|c=27 a|b|c=30 of 30
