# cp_nz012f s0=14366 s1=119 s2=119 N=203436926(2^27.6000) rounds=5 trials=19 seed=42 t_start=281
# Q_b=C(s0,2)*W=1.017277e+16 (2^53.1756)  W=98588882 ; Q_a=Q_c=P2both*W (per trial)
T 281 2 2 5 4 4 10 1304 1376 102381381 19613125
T 282 0 0 2 0 0 4 1361 1321 102381501 18828681
T 283 5 1 7 10 2 14 1409 1344 102380737 19156662
T 284 3 2 2 6 4 4 1336 1304 102381454 18586604
T 285 2 2 0 4 4 0 1327 1244 102380812 17730394
T 286 2 3 2 4 6 4 1310 1372 102380394 19555833
T 287 5 3 3 10 6 6 1370 1402 102379989 19982560
T 288 4 2 3 8 4 6 1372 1322 102380085 18842464
T 289 2 2 1 4 4 2 1330 1389 102380005 19797193
T 290 1 0 3 2 0 6 1318 1336 102380867 19042215
T 291 0 3 3 0 6 6 1331 1381 102380774 19683654
T 292 1 2 2 2 4 4 1391 1316 102380703 18757383
T 293 3 1 3 6 2 6 1339 1345 102381123 19170737
T 294 0 1 0 0 2 0 1336 1233 102380114 17574385
T 295 8 3 2 16 6 4 1348 1361 102382105 19399225
T 296 4 3 4 8 6 8 1389 1328 102379589 18928115
T 297 2 1 3 4 2 6 1412 1413 102380904 20140349
T 298 1 2 1 2 4 2 1337 1339 102380945 19084785
T 299 2 3 3 4 6 6 1314 1309 102380408 18656512
# P_find a=16 b=17 c=17 a|b=18 a|c=18 b|c=19 a|b|c=19 of 19
