# cp_nz012f s0=14366 s1=119 s2=119 N=203436926(2^27.6000) rounds=5 trials=30 seed=42 t_start=60
# Q_b=C(s0,2)*W=1.017277e+16 (2^53.1756)  W=98588882 ; Q_a=Q_c=P2both*W (per trial)
T 60 2 2 7 4 4 14 1333 1430 102381126 20382033
T 61 0 3 1 0 6 2 1316 1358 102380180 19355496
T 62 3 5 0 6 10 0 1364 1329 102380664 18942724
T 63 1 2 3 2 4 6 1269 1337 102381252 19056561
T 64 0 3 0 0 6 0 1373 1306 102380637 18614376
T 65 0 2 0 0 4 0 1262 1286 102380841 18329220
T 66 6 0 0 12 0 0 1375 1281 102381656 18258687
T 67 1 2 7 2 4 14 1264 1333 102379539 18999603
T 68 0 1 0 0 2 0 1294 1302 102380097 18557525
T 69 1 5 2 2 10 4 1344 1375 102381100 19598473
T 70 3 1 0 6 2 0 1358 1285 102380749 18315162
