# cp_nz012f s0=14366 s1=119 s2=119 N=203436926(2^27.6000) rounds=5 trials=30 seed=42 t_start=131
# Q_b=C(s0,2)*W=1.017277e+16 (2^53.1756)  W=98588882 ; Q_a=Q_c=P2both*W (per trial)
T 131 0 3 1 0 6 2 1338 1296 102379864 18471505
T 132 0 3 1 0 6 2 1324 1304 102380746 18586188
T 133 1 1 4 2 2 8 1352 1196 102382209 17047660
T 134 0 1 2 0 2 4 1250 1241 102380297 17687995
T 135 4 4 1 8 8 2 1319 1301 102381686 18543779
T 136 1 0 2 2 0 4 1364 1361 102380937 19398568
T 137 3 4 0 6 8 0 1340 1368 102378832 19497723
T 138 2 1 4 4 2 8 1383 1328 102380722 18928516
T 139 3 2 5 6 4 10 1417 1326 102381016 18899249
T 140 2 2 3 4 4 6 1269 1343 102381452 19142635
T 141 4 6 1 8 12 2 1388 1320 102382180 18814173
T 142 0 1 3 0 2 6 1348 1381 102381842 19684384
T 143 1 2 3 2 4 6 1305 1376 102381297 19612584
T 144 2 1 2 4 2 4 1311 1337 102381213 19056291
T 145 2 3 3 4 6 6 1404 1409 102380341 20082153
T 146 5 3 0 10 6 0 1335 1361 102380200 19398956
T 147 2 3 2 4 6 4 1334 1322 102380946 18842647
T 148 5 2 0 10 4 0 1354 1276 102380851 18186891
T 149 0 0 2 0 0 4 1262 1286 102380639 18329154
T 150 2 4 0 4 8 0 1392 1285 102379569 18315452
T 151 2 3 4 4 6 8 1321 1361 102381212 19398527
T 152 3 7 3 6 14 6 1381 1319 102381639 18799531
T 153 1 1 2 2 2 4 1386 1226 102381160 17474873
T 154 0 2 2 0 4 4 1316 1325 102381229 18884987
T 155 2 1 1 4 2 2 1319 1359 102380809 19370808
T 156 1 2 6 2 4 12 1411 1326 102380176 18898914
T 157 1 0 5 2 0 10 1339 1318 102380227 18785553
T 158 2 1 7 4 2 14 1357 1376 102380838 19612181
T 159 1 3 4 2 6 8 1362 1289 102380315 18372568
T 160 1 4 1 2 8 2 1391 1261 102380252 17972890
# P_find a=24 b=27 c=26 a|b=29 a|c=30 b|c=30 a|b|c=30 of 30
