# cp_nz012f s0=14366 s1=119 s2=119 N=203436926(2^27.6000) rounds=5 trials=14 seed=42 t_start=16
# Q_b=C(s0,2)*W=1.017277e+16 (2^53.1756)  W=98588882 ; Q_a=Q_c=P2both*W (per trial)
T 16 1 2 7 2 4 14 1350 1366 102381548 19470203
T 17 0 1 2 0 2 4 1302 1308 102379970 18642817
T 18 1 0 0 2 0 0 1336 1272 102381695 18129787
T 19 1 3 0 2 6 0 1355 1367 102381015 19484140
T 20 1 2 1 2 4 2 1359 1332 102380585 18985217
T 21 2 3 2 4 6 4 1392 1376 102381021 19612324
T 22 0 0 0 0 0 0 1320 1298 102381010 18500530
T 23 3 1 9 6 2 18 1346 1346 102382261 19184451
T 24 0 2 3 0 4 6 1373 1299 102380597 18514793
T 25 1 1 0 2 2 0 1302 1284 102381129 18300925
T 26 5 0 5 10 0 10 1385 1332 102380368 18985377
T 27 0 0 2 0 0 4 1352 1286 102381179 18329407
T 28 0 0 0 0 0 0 1326 1230 102380169 17530931
T 29 2 1 2 4 2 4 1304 1288 102381114 18358482
# P_find a=9 b=9 c=9 a|b=11 a|c=12 b|c=11 a|b|c=12 of 14
