# cp_nz012f s0=14366 s1=119 s2=119 N=203436926(2^27.6000) rounds=5 trials=16 seed=42 t_start=44
# Q_b=C(s0,2)*W=1.017277e+16 (2^53.1756)  W=98588882 ; Q_a=Q_c=P2both*W (per trial)
T 44 1 3 2 2 6 4 1328 1376 102379599 19612158
T 45 2 1 0 4 2 0 1339 1242 102381516 17702677
T 46 7 2 2 14 4 4 1382 1268 102381631 18073455
T 47 2 3 0 4 6 0 1290 1311 102380637 18685608
T 48 1 3 2 2 6 4 1353 1396 102381417 19897850
T 49 1 2 2 2 4 4 1313 1340 102381255 19099535
T 50 8 1 6 16 2 12 1398 1296 102379828 18471953
T 51 0 3 4 0 6 8 1365 1340 102380584 19099497
T 52 6 2 0 12 4 0 1363 1298 102381446 18500379
T 53 3 1 1 6 2 2 1366 1328 102380795 18928011
T 54 11 2 0 22 4 0 1450 1344 102380798 19155972
T 55 4 4 3 8 8 6 1340 1316 102380960 18756882
T 56 6 1 4 12 2 8 1351 1353 102381487 19284555
T 57 4 1 0 8 2 0 1388 1257 102380722 17916088
T 58 3 1 5 6 2 10 1313 1266 102380949 18044795
T 59 2 3 6 4 6 12 1361 1361 102381404 19398617
# P_find a=15 b=16 c=11 a|b=16 a|c=16 b|c=16 a|b|c=16 of 16
