# cp_nz012f s0=14366 s1=119 s2=119 N=203436926(2^27.6000) rounds=5 trials=30 seed=42 t_start=191
# Q_b=C(s0,2)*W=1.017277e+16 (2^53.1756)  W=98588882 ; Q_a=Q_c=P2both*W (per trial)
T 191 3 4 0 6 8 0 1364 1326 102380595 18900154
T 192 1 1 6 2 2 12 1452 1324 102380436 18871036
T 193 3 1 5 6 2 10 1373 1342 102380061 19127333
T 194 0 1 0 0 2 0 1348 1220 102381502 17389401
T 195 5 1 0 10 2 0 1295 1266 102380878 18044567
T 196 0 2 3 0 4 6 1408 1379 102379447 19655040
T 197 0 2 2 0 4 4 1310 1266 102381261 18044732
T 198 2 1 1 4 2 2 1394 1261 102379542 17973410
T 199 1 1 3 2 2 6 1329 1339 102380340 19085058
T 200 2 2 6 4 4 12 1295 1364 102380964 19441441
T 201 2 0 1 4 0 2 1321 1242 102381318 17702357
T 202 0 2 2 0 4 4 1286 1300 102380978 18529290
T 203 0 3 4 0 6 8 1373 1377 102380248 19626699
T 204 1 1 4 2 2 8 1315 1255 102380085 17886954
T 205 3 1 0 6 2 0 1374 1311 102380109 18685845
T 206 3 1 0 6 2 0 1345 1342 102380335 19127779
T 207 3 2 0 6 4 0 1277 1310 102381629 18671437
T 208 1 4 1 2 8 2 1406 1269 102379874 18087113
T 209 4 1 6 8 2 12 1384 1346 102380890 19185238
T 210 1 2 0 2 4 0 1351 1292 102381597 18415351
T 211 4 1 0 8 2 0 1437 1337 102379956 19056595
T 212 2 4 1 4 8 2 1331 1270 102380006 18101472
T 213 1 1 1 2 2 2 1333 1337 102381339 19056455
T 214 1 1 3 2 2 6 1321 1373 102379095 19569067
T 215 6 0 0 12 0 0 1406 1369 102381195 19512278
T 216 0 4 0 0 8 0 1322 1245 102380683 17745172
T 217 1 1 3 2 2 6 1397 1364 102380586 19441068
T 218 0 3 2 0 6 4 1322 1292 102381426 18415309
T 219 5 2 2 10 4 4 1361 1306 102381118 18614732
T 220 3 1 1 6 2 2 1395 1382 102380080 19697421
# P_find a=23 b=28 c=20 a|b=30 a|c=28 b|c=29 a|b|c=30 of 30
