# cp_nz012f s0=14366 s1=119 s2=119 N=203436926(2^27.6000) rounds=5 trials=30 seed=42 t_start=161
# Q_b=C(s0,2)*W=1.017277e+16 (2^53.1756)  W=98588882 ; Q_a=Q_c=P2both*W (per trial)
T 161 2 3 2 4 6 4 1377 1322 102380327 18842469
T 162 2 1 0 4 2 0 1355 1379 102381566 19655370
T 163 9 3 3 18 6 6 1348 1362 102380320 19412659
T 164 0 5 0 0 10 0 1418 1382 102381610 19697885
T 165 0 1 7 0 2 14 1389 1353 102380178 19285104
T 166 4 0 4 8 0 8 1361 1361 102382104 19398945
T 167 0 0 4 0 0 8 1337 1270 102381064 18102400
T 168 2 2 0 4 4 0 1391 1322 102381680 18842722
T 169 0 1 3 0 2 6 1360 1370 102380968 19527024
T 170 4 3 2 8 6 4 1357 1284 102381471 18301299
T 171 0 1 2 0 2 4 1305 1309 102379762 18657700
T 172 1 2 7 2 4 14 1348 1311 102380059 18686283
T 173 4 2 0 8 4 0 1354 1328 102380513 18927591
T 174 7 2 1 14 4 2 1350 1307 102380271 18628831
T 175 3 3 2 6 6 4 1393 1263 102379157 18002030
T 176 6 2 6 12 4 12 1437 1397 102381272 19911783
T 177 1 1 1 2 2 2 1313 1358 102380863 19355819
T 178 4 3 2 8 6 4 1297 1283 102381463 18286786
T 179 3 2 1 6 4 2 1444 1322 102381732 18842552
T 180 0 1 3 0 2 6 1261 1310 102380932 18671114
T 181 2 2 6 4 4 12 1414 1339 102379519 19084973
T 182 4 1 0 8 2 0 1375 1254 102379324 17872993
T 183 2 2 4 4 4 8 1369 1324 102380892 18871450
T 184 7 2 2 14 4 4 1449 1280 102381199 18244002
T 185 2 1 0 4 2 0 1389 1244 102380954 17730854
T 186 3 1 3 6 2 6 1327 1260 102381695 17959160
T 187 1 2 1 2 4 2 1321 1252 102381489 17845266
T 188 1 0 1 2 0 2 1330 1338 102381531 19070672
T 189 4 1 0 8 2 0 1347 1377 102379422 19626012
T 190 2 3 1 4 6 2 1351 1335 102381318 19028394
# P_find a=24 b=27 c=23 a|b=29 a|c=29 b|c=30 a|b|c=30 of 30
