# cp_nz012f s0=14366 s1=119 s2=119 N=203436926(2^27.6000) rounds=5 trials=30 seed=42 t_start=101
# Q_b=C(s0,2)*W=1.017277e+16 (2^53.1756)  W=98588882 ; Q_a=Q_c=P2both*W (per trial)
T 101 0 3 2 0 6 4 1358 1332 102381238 18985522
T 102 0 1 0 0 2 0 1338 1325 102381662 18886143
T 103 4 3 4 8 6 8 1286 1268 102381348 18072872
T 104 2 3 3 4 6 6 1362 1341 102379781 19113171
T 105 0 3 3 0 6 6 1332 1315 102381662 18743458
T 106 0 1 0 0 2 0 1307 1232 102381386 17560272
T 107 2 5 1 4 10 2 1347 1226 102379560 17474012
T 108 3 3 3 6 6 6 1267 1335 102380924 19028258
T 109 1 1 0 2 2 0 1325 1309 102381296 18657705
T 110 1 3 10 2 6 20 1366 1311 102379990 18685215
T 111 4 2 5 8 4 10 1273 1381 102380864 19683994
T 112 3 0 6 6 0 12 1333 1260 102381562 17959167
T 113 3 1 3 6 2 6 1356 1262 102381289 17987932
T 114 0 2 0 0 4 0 1350 1308 102381097 18643318
T 115 2 1 0 4 2 0 1371 1298 102381314 18501373
T 116 4 0 2 8 0 4 1349 1314 102380081 18728601
T 117 6 1 1 12 2 2 1343 1321 102380086 18828011
T 118 0 0 1 0 0 2 1305 1310 102381050 18672099
T 119 2 1 2 4 2 4 1275 1241 102381623 17688108
T 120 4 2 0 8 4 0 1366 1245 102380340 17744962
T 121 0 1 2 0 2 4 1347 1380 102381198 19669042
T 122 0 1 4 0 2 8 1270 1346 102379818 19184325
T 123 2 1 3 4 2 6 1360 1297 102381459 18486119
T 124 8 2 6 16 4 12 1414 1356 102381223 19327073
T 125 2 0 3 4 0 6 1355 1323 102381881 18857244
T 126 0 0 3 0 0 6 1308 1312 102380595 18699946
T 127 1 2 5 2 4 10 1334 1348 102380960 19212775
T 128 2 0 0 4 0 0 1378 1325 102380593 18885086
T 129 1 4 8 2 8 16 1335 1348 102381892 19213100
T 130 3 2 4 6 4 8 1383 1395 102381046 19883090
# P_find a=21 b=24 c=23 a|b=28 a|c=27 b|c=29 a|b|c=30 of 30
