# cp_nz012f s0=14366 s1=119 s2=119 N=203436926(2^27.6000) rounds=5 trials=30 seed=42 t_start=30
# Q_b=C(s0,2)*W=1.017277e+16 (2^53.1756)  W=98588882 ; Q_a=Q_c=P2both*W (per trial)
T 30 4 2 0 8 4 0 1359 1261 102380061 17973751
T 31 1 1 2 2 2 4 1251 1289 102382092 18372356
T 32 0 1 4 0 2 8 1378 1260 102380648 17958784
T 33 7 1 1 14 2 2 1369 1336 102380961 19042659
T 34 3 3 0 6 6 0 1385 1269 102381095 18087098
T 35 1 1 2 2 2 4 1268 1342 102379413 19127213
T 36 5 2 1 10 4 2 1367 1268 102380912 18073147
T 37 3 0 2 6 0 4 1352 1279 102380727 18229734
T 38 6 3 1 12 6 2 1438 1269 102381629 18087381
T 39 3 2 9 6 4 18 1404 1332 102381178 18985478
T 40 5 2 0 10 4 0 1434 1329 102381237 18942240
T 41 5 1 2 10 2 4 1324 1339 102380943 19084836
T 42 4 1 4 8 2 8 1406 1353 102382130 19285070
T 43 2 3 0 4 6 0 1340 1317 102380596 18771430
