# cp_nz012f s0=14366 s1=119 s2=119 N=203436926(2^27.6000) rounds=5 trials=30 seed=42 t_start=0
# Q_b=C(s0,2)*W=1.017277e+16 (2^53.1756)  W=98588882 ; Q_a=Q_c=P2both*W (per trial)
T 0 2 2 2 4 4 4 1325 1306 102380803 18614614
T 1 1 2 9 2 4 18 1383 1335 102378871 19028660
T 2 3 1 0 6 2 0 1356 1253 102381393 17859061
T 3 5 1 5 10 2 10 1382 1361 102380021 19398002
T 4 2 5 0 4 10 0 1333 1326 102379809 18898910
T 5 0 3 3 0 6 6 1302 1400 102379926 19954491
T 6 0 3 0 0 6 0 1350 1290 102381777 18387066
T 7 6 2 1 12 4 2 1318 1387 102380330 19769749
T 8 1 0 2 2 0 4 1419 1299 102380556 18514385
T 9 5 1 2 10 2 4 1333 1296 102379731 18472086
T 10 2 1 1 4 2 2 1368 1328 102382539 18928454
T 11 0 2 2 0 4 4 1345 1289 102380059 18373200
T 12 1 3 2 2 6 4 1326 1364 102380767 19441478
T 13 0 2 0 0 4 0 1311 1308 102380402 18643215
T 14 5 3 2 10 6 4 1381 1282 102381133 18272729
T 15 1 2 3 2 4 6 1333 1367 102380293 19484471
