# cp_nz012f s0=14366 s1=119 s2=119 N=203436926(2^27.6000) rounds=5 trials=30 seed=42 t_start=71
# Q_b=C(s0,2)*W=1.017277e+16 (2^53.1756)  W=98588882 ; Q_a=Q_c=P2both*W (per trial)
T 71 2 1 1 4 2 2 1386 1397 102382392 19912050
T 72 1 0 9 2 0 18 1341 1323 102381011 18856609
T 73 7 0 0 14 0 0 1385 1311 102381610 18685585
T 74 2 1 0 4 2 0 1342 1302 102381369 18558169
T 75 1 2 3 2 4 6 1347 1293 102381950 18429483
T 76 0 2 11 0 4 22 1361 1407 102379018 20054303
T 77 1 0 1 2 0 2 1378 1307 102381174 18629022
T 78 4 2 5 8 4 10 1338 1351 102380298 19255080
T 79 0 1 4 0 2 8 1292 1328 102380841 18928362
T 80 0 0 0 0 0 0 1360 1224 102381017 17445553
T 81 6 1 3 12 2 6 1361 1307 102381307 18629385
T 82 0 4 4 0 8 8 1359 1313 102379977 18714447
T 83 0 2 5 0 4 10 1333 1358 102381234 19355801
T 84 3 3 0 6 6 0 1347 1296 102380482 18471844
T 85 5 3 2 10 6 4 1350 1284 102380907 18301155
T 86 4 2 1 8 4 2 1351 1311 102380513 18685669
T 87 3 0 11 6 0 22 1397 1391 102381058 19826158
T 88 1 2 6 2 4 12 1368 1323 102380306 18856519
T 89 5 1 1 10 2 2 1403 1261 102381890 17973449
T 90 2 0 3 4 0 6 1364 1325 102380335 18885321
T 91 2 1 3 4 2 6 1334 1328 102380167 18927851
T 92 3 4 5 6 8 10 1336 1341 102380313 19113881
T 93 0 3 0 0 6 0 1328 1300 102381290 18529573
T 94 4 1 1 8 2 2 1416 1323 102381385 18857048
T 95 1 3 0 2 6 0 1296 1310 102380461 18671802
T 96 4 2 0 8 4 0 1420 1332 102380689 18985385
T 97 2 2 0 4 4 0 1314 1338 102380877 19070664
T 98 2 1 1 4 2 2 1292 1274 102380698 18158035
T 99 1 4 5 2 8 10 1360 1338 102382836 19070367
T 100 0 0 2 0 0 4 1353 1246 102381438 17760285
# P_find a=23 b=23 c=22 a|b=28 a|c=28 b|c=28 a|b|c=29 of 30
