# cp_nz012f s0=14366 s1=119 s2=119 N=203436926(2^27.6000) rounds=5 trials=30 seed=42 t_start=221
# Q_b=C(s0,2)*W=1.017277e+16 (2^53.1756)  W=98588882 ; Q_a=Q_c=P2both*W (per trial)
T 221 2 3 2 4 6 4 1354 1346 102381097 19184770
T 222 3 2 0 6 4 0 1296 1263 102381298 18001367
T 223 6 2 3 12 4 6 1395 1311 102381845 18685971
T 224 5 1 7 10 2 14 1328 1336 102380754 19042327
T 225 2 1 1 4 2 2 1342 1245 102381586 17745579
T 226 0 2 7 0 4 14 1337 1274 102381084 18158925
T 227 3 2 2 6 4 4 1346 1319 102382004 18800450
T 228 2 1 3 4 2 6 1372 1347 102380181 19198997
T 229 3 2 6 6 4 12 1328 1346 102380198 19184407
T 230 4 3 0 8 6 0 1356 1279 102380191 18229973
T 231 1 1 1 2 2 2 1342 1273 102380335 18144998
T 232 6 1 5 12 2 10 1416 1311 102381869 18686264
T 233 1 1 2 2 2 4 1301 1339 102380732 19085212
T 234 2 0 0 4 0 0 1374 1229 102379957 17516985
T 235 0 0 0 0 0 0 1372 1308 102380492 18642567
T 236 3 5 4 6 10 8 1359 1335 102381120 19028091
T 237 5 2 3 10 4 6 1338 1300 102381071 18528671
T 238 7 3 1 14 6 2 1369 1220 102381239 17389127
T 239 0 2 0 0 4 0 1353 1276 102380407 18186984
T 240 1 3 1 2 6 2 1348 1331 102381334 18971529
T 241 4 1 3 8 2 6 1321 1371 102379823 19540791
T 242 4 0 1 8 0 2 1376 1334 102380359 19012978
T 243 0 2 0 0 4 0 1342 1296 102380793 18472475
T 244 9 3 5 18 6 10 1353 1357 102380524 19342007
T 245 0 3 2 0 6 4 1373 1354 102379897 19298285
T 246 0 2 1 0 4 2 1335 1301 102380486 18543454
T 247 0 2 0 0 4 0 1319 1285 102380378 18315023
T 248 1 1 1 2 2 2 1329 1272 102381177 18129994
T 249 1 0 3 2 0 6 1426 1336 102380525 19042280
T 250 0 3 3 0 6 6 1360 1319 102380801 18800142
# P_find a=22 b=26 c=23 a|b=29 a|c=26 b|c=28 a|b|c=29 of 30
