# cp_nz012f s0=15198 s1=124 s2=124 N=233684448(2^27.8000) rounds=5 trials=30 seed=42 t_start=0
# Q_b=C(s0,2)*W=1.343191e+16 (2^53.5765)  W=116311752 ; Q_a=Q_c=P2both*W (per trial)
T 0 4 3 3 8 6 6 1613 1608 114583340 24246236
T 1 3 3 8 6 6 16 1617 1758 114581366 26508008
T 2 2 3 0 4 6 0 1635 1585 114583356 23899782
T 3 5 4 2 10 8 4 1600 1638 114583070 24698072
T 4 1 1 1 2 2 2 1677 1622 114581810 24457933
T 5 0 4 4 0 8 8 1567 1680 114582690 25332309
T 6 0 5 0 0 10 0 1598 1637 114584410 24684950
T 7 5 2 2 10 4 4 1663 1642 114582671 24759299
T 8 9 0 0 18 0 0 1629 1656 114583193 24970925
T 9 0 2 4 0 4 8 1706 1801 114582320 27156286
T 10 4 1 3 8 2 6 1608 1582 114585119 23855447
T 11 0 3 1 0 6 2 1607 1631 114582316 24593229
T 12 3 0 2 6 0 4 1690 1639 114582988 24714524
T 13 0 2 1 0 4 2 1671 1600 114582641 24126454
T 14 4 1 2 8 2 4 1752 1593 114583684 24021420
T 15 1 2 5 2 4 10 1645 1657 114583266 24985470
T 16 6 5 7 12 10 14 1725 1708 114583816 25754288
T 17 2 3 2 4 6 4 1672 1625 114582187 24502710
T 18 5 3 1 10 6 2 1644 1606 114584222 24216688
T 19 0 7 0 0 14 0 1673 1631 114583499 24592925
T 20 2 2 0 4 4 0 1667 1550 114583470 23372247
T 21 0 4 3 0 8 6 1745 1712 114583659 25815441
T 22 0 2 4 0 4 8 1628 1594 114583760 24035441
T 23 3 2 10 6 4 20 1659 1654 114584803 24940058
T 24 1 2 6 2 4 12 1585 1641 114583192 24743879
T 25 6 4 0 12 8 0 1611 1665 114583665 25105259
T 26 2 1 4 4 2 8 1703 1646 114583099 24819450
T 27 5 3 7 10 6 14 1609 1617 114583223 24382441
T 28 7 2 0 14 4 0 1643 1647 114582619 24834719
T 29 1 1 7 2 2 14 1632 1600 114583180 24126143
# P_find a=22 b=28 c=23 a|b=30 a|c=28 b|c=29 a|b|c=30 of 30
