# cp_nz012f s0=15198 s1=124 s2=124 N=233684448(2^27.8000) rounds=5 trials=30 seed=42 t_start=30
# Q_b=C(s0,2)*W=1.343191e+16 (2^53.5765)  W=116311752 ; Q_a=Q_c=P2both*W (per trial)
T 30 6 2 2 12 4 4 1617 1631 114582164 24593065
T 31 3 4 1 6 8 2 1574 1643 114584824 24774800
T 32 3 1 3 6 2 6 1633 1683 114583118 25377585
T 33 3 1 2 6 2 4 1627 1595 114583641 24050930
T 34 3 1 2 6 2 4 1599 1532 114583386 23100169
T 35 4 3 2 8 6 4 1650 1688 114582328 25452843
T 36 6 3 2 12 6 4 1682 1615 114583473 24352023
T 37 1 5 2 2 10 4 1623 1619 114583180 24412656
T 38 9 5 4 18 10 8 1703 1549 114584141 23356874
T 39 7 0 9 14 0 18 1702 1627 114583281 24532749
T 40 10 2 0 20 4 0 1728 1638 114583680 24698941
T 41 0 1 1 0 2 2 1600 1689 114583307 25467373
T 42 4 1 2 8 2 4 1625 1675 114584861 25257728
T 43 3 4 2 6 8 4 1598 1609 114583300 24261961
T 44 1 1 5 2 2 10 1620 1648 114581846 24849372
T 45 2 4 1 4 8 2 1623 1586 114583698 23914826
T 46 2 1 1 4 2 2 1726 1725 114584034 26011172
T 47 4 3 0 8 6 0 1641 1608 114583166 24246416
T 48 5 2 2 10 4 4 1574 1678 114584083 25302507
T 49 3 1 4 6 2 8 1585 1640 114584231 24729348
T 50 6 1 4 12 2 8 1728 1625 114582096 24502611
T 51 0 2 5 0 4 10 1598 1695 114582926 25558331
T 52 7 2 0 14 4 0 1708 1611 114584063 24292392
T 53 3 3 1 6 6 2 1602 1599 114583723 24110690
T 54 11 5 3 22 10 6 1727 1600 114583174 24126118
T 55 5 1 4 10 2 8 1603 1628 114583701 24547717
T 56 6 7 1 12 14 2 1650 1593 114584274 24020640
T 57 2 2 0 4 4 0 1641 1624 114583317 24487184
T 58 3 2 6 6 4 12 1651 1664 114583709 25091023
T 59 3 2 6 6 4 12 1665 1611 114583326 24291672
# P_find a=28 b=29 c=26 a|b=30 a|c=30 b|c=30 a|b|c=30 of 30
