# cp_nz012f s0=15198 s1=124 s2=124 N=233684448(2^27.8000) rounds=5 trials=30 seed=42 t_start=150
# Q_b=C(s0,2)*W=1.343191e+16 (2^53.5765)  W=116311752 ; Q_a=Q_c=P2both*W (per trial)
T 150 1 2 0 2 4 0 1705 1670 114582567 25180494
T 151 1 7 2 2 14 4 1640 1633 114583240 24624154
T 152 4 2 6 8 4 12 1676 1615 114584402 24352531
T 153 2 4 0 4 8 0 1625 1583 114583883 23869374
T 154 0 2 2 0 4 4 1571 1690 114583826 25482998
T 155 2 2 3 4 4 6 1650 1591 114583330 23989767
T 156 1 7 11 2 14 22 1626 1663 114582220 25075331
T 157 2 4 5 4 8 10 1566 1657 114582361 24985606
T 158 4 1 5 8 2 10 1730 1685 114583093 25407828
T 159 5 5 8 10 10 16 1645 1660 114582845 25030454
T 160 0 2 3 0 4 6 1775 1615 114582628 24351848
T 161 0 3 2 0 6 4 1657 1655 114582841 24955327
T 162 6 2 4 12 4 8 1727 1647 114584058 24835408
T 163 9 2 1 18 4 2 1692 1683 114582575 25377023
T 164 2 7 0 4 14 0 1755 1625 114584243 24502540
T 165 7 2 4 14 4 8 1670 1613 114582767 24322326
T 166 3 1 6 6 2 12 1622 1699 114584391 25618904
T 167 1 4 3 2 8 6 1605 1658 114584099 25001257
T 168 4 2 0 8 4 0 1673 1585 114583935 23900058
T 169 0 2 2 0 4 4 1641 1647 114583368 24834528
T 170 5 6 5 10 12 10 1579 1608 114584074 24246216
T 171 1 2 1 2 4 2 1632 1619 114582642 24412300
T 172 3 1 10 6 2 20 1605 1642 114582666 24759309
T 173 2 1 3 4 2 6 1612 1639 114583742 24713424
T 174 8 2 0 16 4 0 1665 1698 114582799 25603418
T 175 6 2 4 12 4 8 1668 1559 114581792 23507462
T 176 5 5 2 10 10 4 1722 1650 114584025 24880404
T 177 0 1 0 0 2 0 1588 1617 114583362 24382229
T 178 3 4 3 6 8 6 1620 1628 114583944 24548395
T 179 6 3 1 12 6 2 1681 1663 114584288 25075875
# P_find a=25 b=30 c=24 a|b=30 a|c=29 b|c=30 a|b|c=30 of 30
