# cp_nz012f s0=15198 s1=124 s2=124 N=233684448(2^27.8000) rounds=5 trials=30 seed=42 t_start=60
# Q_b=C(s0,2)*W=1.343191e+16 (2^53.5765)  W=116311752 ; Q_a=Q_c=P2both*W (per trial)
T 60 5 1 14 10 2 28 1543 1646 114583058 24819464
T 61 3 3 1 6 6 2 1605 1649 114582732 24863970
T 62 7 0 0 14 0 0 1634 1599 114583184 24110427
T 63 0 0 4 0 0 8 1542 1740 114583153 26236901
T 64 1 3 0 2 6 0 1694 1607 114583285 24231440
T 65 0 1 0 0 2 0 1537 1656 114583295 24970518
T 66 4 1 2 8 2 4 1625 1617 114583899 24382065
T 67 2 4 3 4 8 6 1629 1650 114582791 24879850
T 68 0 1 0 0 2 0 1601 1528 114582520 23040055
T 69 2 2 2 4 4 4 1687 1652 114583338 24910070
T 70 2 2 0 4 4 0 1631 1649 114583113 24864601
T 71 0 0 4 0 0 8 1602 1664 114585240 25090843
T 72 0 1 14 0 2 28 1605 1725 114583128 26011097
T 73 5 2 2 10 4 4 1681 1666 114584605 25121273
T 74 3 1 1 6 2 2 1555 1608 114583685 24246628
T 75 3 0 1 6 0 2 1645 1687 114584267 25438252
T 76 0 1 3 0 2 6 1565 1641 114581284 24743786
T 77 2 2 0 4 4 0 1663 1608 114583992 24246703
T 78 9 1 2 18 2 4 1682 1587 114582420 23930049
T 79 0 2 5 0 4 10 1585 1585 114582980 23899909
T 80 1 0 0 2 0 0 1605 1642 114583295 24758395
T 81 8 1 3 16 2 6 1693 1632 114584100 24608370
T 82 0 3 1 0 6 2 1619 1661 114582314 25044990
T 83 0 1 2 0 2 4 1672 1656 114583924 24970709
T 84 6 1 0 12 2 0 1643 1622 114583313 24457349
T 85 4 3 5 8 6 10 1717 1644 114583364 24789457
T 86 5 4 8 10 8 16 1691 1621 114583143 24442381
T 87 5 3 3 10 6 6 1627 1681 114583819 25347877
T 88 1 2 2 2 4 4 1647 1713 114583257 25830555
T 89 8 0 4 16 0 8 1689 1653 114584052 24925593
# P_find a=21 b=24 c=22 a|b=28 a|c=28 b|c=28 a|b|c=30 of 30
