# cp_nz012f s0=15198 s1=124 s2=124 N=233684448(2^27.8000) rounds=5 trials=30 seed=42 t_start=120
# Q_b=C(s0,2)*W=1.343191e+16 (2^53.5765)  W=116311752 ; Q_a=Q_c=P2both*W (per trial)
T 120 2 7 7 4 14 14 1704 1645 114582584 24804259
T 121 0 1 0 0 2 0 1718 1654 114584153 24940211
T 122 2 4 3 4 8 6 1574 1685 114582405 25407628
T 123 3 1 5 6 2 10 1665 1638 114583597 24699180
T 124 8 2 6 16 4 12 1735 1701 114583637 25648123
T 125 3 5 7 6 10 14 1646 1634 114584587 24638442
T 126 1 3 5 2 6 10 1580 1652 114582824 24909929
T 127 3 3 6 6 6 12 1682 1654 114583526 24939931
T 128 7 3 0 14 6 0 1659 1619 114582555 24412425
T 129 1 3 8 2 6 16 1650 1690 114584315 25483019
T 130 2 1 5 4 2 10 1636 1712 114583625 25814640
T 131 0 1 3 0 2 6 1706 1686 114582665 25422313
T 132 0 2 5 0 4 10 1591 1697 114583299 25588880
T 133 2 4 1 4 8 2 1644 1647 114584448 24834486
T 134 0 3 2 0 6 4 1643 1708 114582707 25754793
T 135 4 1 5 8 2 10 1619 1626 114584781 24518993
T 136 0 3 0 0 6 0 1620 1664 114583829 25090994
T 137 3 1 3 6 2 6 1685 1633 114581437 24622953
T 138 4 2 3 8 4 6 1633 1680 114583545 25332555
T 139 4 3 4 8 6 8 1614 1704 114583603 25694117
T 140 8 1 6 16 2 12 1632 1610 114584486 24277041
T 141 9 1 2 18 2 4 1635 1625 114584934 24503527
T 142 4 0 5 8 0 10 1637 1660 114584524 25031166
T 143 1 3 5 2 6 10 1557 1665 114583899 25105963
T 144 5 5 1 10 10 2 1629 1658 114583535 25000338
T 145 3 3 5 6 6 10 1599 1727 114582592 26040579
T 146 3 4 0 6 8 0 1634 1613 114582798 24322363
T 147 3 3 2 6 6 4 1618 1680 114583452 25332601
T 148 12 2 0 24 4 0 1641 1573 114583541 23719404
T 149 2 1 3 4 2 6 1574 1647 114583209 24834859
# P_find a=25 b=29 c=25 a|b=30 a|c=28 b|c=30 a|b|c=30 of 30
