# cp_nz012f s0=15198 s1=124 s2=124 N=233684448(2^27.8000) rounds=5 trials=30 seed=42 t_start=240
# Q_b=C(s0,2)*W=1.343191e+16 (2^53.5765)  W=116311752 ; Q_a=Q_c=P2both*W (per trial)
T 240 0 3 4 0 6 8 1634 1600 114583531 24125932
T 241 4 2 12 8 4 24 1661 1732 114582650 26115598
T 242 9 1 3 18 2 6 1734 1541 114582701 23235696
T 243 0 3 0 0 6 0 1670 1632 114583226 24608560
T 244 5 3 2 10 6 4 1679 1645 114583374 24804381
T 245 2 3 5 4 6 10 1631 1719 114582646 25920127
T 246 0 4 2 0 8 4 1611 1625 114583177 24502383
T 247 1 3 0 2 6 0 1626 1621 114582975 24442828
T 248 2 2 2 4 4 4 1623 1599 114583342 24110682
T 249 2 1 4 4 2 8 1654 1682 114582886 25362297
T 250 2 1 8 4 2 16 1603 1642 114583244 24759338
T 251 3 3 0 6 6 0 1682 1574 114581504 23733800
T 252 4 2 3 8 4 6 1676 1711 114584554 25799786
T 253 2 3 9 4 6 18 1575 1650 114583268 24880350
T 254 6 6 2 12 12 4 1629 1515 114583307 22844776
T 255 3 2 1 6 4 2 1630 1583 114583536 23869806
T 256 2 5 0 4 10 0 1648 1644 114582850 24789354
T 257 5 4 0 10 8 0 1673 1608 114582850 24246576
T 258 5 2 1 10 4 2 1652 1558 114583479 23492236
T 259 3 3 4 6 6 8 1609 1701 114584755 25649364
T 260 2 3 3 4 6 6 1605 1690 114584518 25483413
T 261 0 3 5 0 6 10 1680 1734 114585286 26147056
T 262 4 1 4 8 2 8 1672 1645 114583528 24805281
T 263 0 1 0 0 2 0 1603 1600 114582907 24126213
T 264 5 2 0 10 4 0 1583 1750 114583169 26387532
T 265 5 1 4 10 2 8 1597 1637 114583503 24684187
T 266 0 5 7 0 10 14 1610 1706 114582841 25724308
T 267 0 2 0 0 4 0 1611 1653 114583450 24924855
T 268 3 1 0 6 2 0 1656 1627 114584822 24533740
T 269 3 1 3 6 2 6 1581 1614 114584301 24337383
# P_find a=23 b=30 c=21 a|b=30 a|c=27 b|c=30 a|b|c=30 of 30
