# cp_nz012f s0=15198 s1=124 s2=124 N=233684448(2^27.8000) rounds=5 trials=30 seed=42 t_start=90
# Q_b=C(s0,2)*W=1.343191e+16 (2^53.5765)  W=116311752 ; Q_a=Q_c=P2both*W (per trial)
T 90 3 1 5 6 2 10 1664 1664 114582595 25090965
T 91 2 2 6 4 4 12 1647 1736 114582575 26177062
T 92 3 2 4 6 4 8 1553 1657 114582759 24985172
T 93 0 2 1 0 4 2 1639 1630 114583553 24578936
T 94 7 6 3 14 12 6 1677 1640 114584095 24729264
T 95 1 1 8 2 2 16 1680 1667 114583132 25136225
T 96 4 0 6 8 0 12 1618 1675 114583381 25256969
T 97 0 2 0 0 4 0 1556 1586 114583545 23914986
T 98 0 2 1 0 4 2 1653 1616 114583593 24366495
T 99 2 1 1 4 2 2 1583 1623 114585296 24473182
T 100 1 1 4 2 2 8 1673 1656 114584172 24970650
T 101 6 2 0 12 4 0 1643 1628 114583691 24548827
T 102 2 0 6 4 0 12 1607 1628 114584931 24548975
T 103 6 2 3 12 4 6 1679 1644 114583919 24789218
T 104 5 1 4 10 2 8 1717 1647 114582326 24835143
T 105 0 4 7 0 8 14 1611 1697 114584489 25588913
T 106 0 0 0 0 0 0 1551 1559 114584180 23508084
T 107 1 1 3 2 2 6 1647 1586 114581874 23915180
T 108 3 1 3 6 2 6 1591 1697 114583234 25588275
T 109 1 2 2 2 4 4 1619 1645 114583801 24805401
T 110 3 2 3 6 4 6 1677 1644 114582105 24788836
T 111 1 5 5 2 10 10 1688 1673 114583504 25226968
T 112 0 3 12 0 6 24 1636 1720 114584124 25935716
T 113 3 4 2 6 8 4 1680 1630 114583623 24577766
T 114 2 1 1 4 2 2 1650 1642 114583289 24758795
T 115 4 8 0 8 16 0 1643 1596 114583723 24065175
T 116 4 0 3 8 0 6 1643 1691 114582370 25498824
T 117 8 2 1 16 4 2 1722 1664 114583254 25090627
T 118 0 5 1 0 10 2 1606 1674 114583726 25242113
T 119 2 1 4 4 2 8 1581 1602 114584061 24156569
# P_find a=23 b=26 c=26 a|b=29 a|c=28 b|c=29 a|b|c=29 of 30
