# cp_nz012f s0=15198 s1=124 s2=124 N=233684448(2^27.8000) rounds=5 trials=30 seed=42 t_start=210
# Q_b=C(s0,2)*W=1.343191e+16 (2^53.5765)  W=116311752 ; Q_a=Q_c=P2both*W (per trial)
T 210 4 2 0 8 4 0 1634 1656 114583550 24970293
T 211 2 3 0 4 6 0 1661 1653 114582454 24924917
T 212 1 1 1 2 2 2 1599 1703 114582550 25679232
T 213 2 2 2 4 4 4 1645 1643 114583662 24774273
T 214 6 3 8 12 6 16 1650 1705 114581565 25709506
T 215 1 3 0 2 6 0 1625 1605 114583634 24201945
T 216 2 3 0 4 6 0 1613 1606 114582959 24216098
T 217 5 3 3 10 6 6 1714 1674 114583182 25241192
T 218 1 2 2 2 4 4 1584 1674 114583983 25242162
T 219 9 1 5 18 2 10 1588 1604 114583916 24186449
T 220 1 1 11 2 2 22 1689 1596 114583111 24065418
T 221 2 4 9 4 8 18 1642 1686 114583586 25423089
T 222 6 3 0 12 6 0 1593 1564 114583716 23583093
T 223 3 2 1 6 4 2 1694 1609 114584064 24262146
T 224 5 2 2 10 4 4 1615 1646 114583176 24819452
T 225 6 1 1 12 2 2 1684 1670 114583761 25181091
T 226 0 5 3 0 10 6 1599 1639 114583244 24714469
T 227 3 1 1 6 2 2 1621 1562 114584786 23553164
T 228 3 4 3 6 8 6 1689 1690 114582672 25483003
T 229 4 3 3 8 6 6 1626 1685 114582792 25407275
T 230 4 1 1 8 2 2 1652 1688 114582715 25452646
T 231 1 1 2 2 2 4 1648 1578 114582767 23794606
T 232 11 3 1 22 6 2 1705 1626 114584224 24517600
T 233 0 1 2 0 2 4 1631 1613 114583139 24321854
T 234 2 3 0 4 6 0 1709 1633 114582588 24623115
T 235 0 1 0 0 2 0 1649 1680 114583209 25332119
T 236 7 1 4 14 2 8 1682 1628 114583275 24548629
T 237 5 1 1 10 2 2 1609 1626 114583816 24517973
T 238 6 1 2 12 2 4 1675 1649 114584109 24865283
T 239 0 2 0 0 4 0 1756 1512 114583373 22799147
# P_find a=26 b=30 c=22 a|b=30 a|c=28 b|c=30 a|b|c=30 of 30
