# cp_nz012f s0=15198 s1=124 s2=124 N=233684448(2^27.8000) rounds=5 trials=30 seed=42 t_start=180
# Q_b=C(s0,2)*W=1.343191e+16 (2^53.5765)  W=116311752 ; Q_a=Q_c=P2both*W (per trial)
T 180 0 1 3 0 2 6 1630 1659 114583849 25015689
T 181 5 3 8 10 6 16 1714 1729 114582231 26070461
T 182 3 3 0 6 6 0 1662 1561 114581583 23537676
T 183 2 0 4 4 0 8 1622 1678 114583441 25301840
T 184 6 3 4 12 6 8 1663 1691 114583595 25498146
T 185 3 1 0 6 2 0 1660 1649 114583265 24865356
T 186 1 2 2 2 4 4 1681 1641 114583983 24744993
T 187 4 3 5 8 6 10 1609 1739 114583787 26222104
T 188 2 1 6 4 2 12 1561 1636 114583747 24669352
T 189 12 5 0 24 10 0 1658 1699 114582002 25619002
T 190 3 2 4 6 4 8 1587 1647 114583539 24835021
T 191 6 2 0 12 4 0 1629 1598 114582659 24095577
T 192 4 0 4 8 0 8 1670 1646 114583511 24820431
T 193 6 2 3 12 4 6 1655 1704 114582915 25694497
T 194 0 1 0 0 2 0 1577 1600 114583658 24126012
T 195 5 0 0 10 0 0 1641 1605 114583794 24200918
T 196 0 5 1 0 10 2 1621 1727 114581425 26040673
T 197 0 3 5 0 6 10 1588 1625 114583825 24502672
T 198 0 4 0 0 8 0 1648 1559 114582343 23508281
T 199 2 4 8 4 8 16 1596 1694 114582597 25543134
T 200 1 1 9 2 2 18 1607 1685 114582959 25407139
T 201 3 2 6 6 4 12 1653 1600 114583454 24126146
T 202 2 0 2 4 0 4 1617 1581 114583342 23840041
T 203 0 3 15 0 6 30 1641 1675 114583018 25256671
T 204 8 1 5 16 2 10 1711 1732 114582733 26115772
T 205 4 2 2 8 4 4 1562 1652 114582726 24909894
T 206 2 0 1 4 0 2 1620 1587 114583007 23930160
T 207 1 5 0 2 10 0 1578 1653 114584020 24925406
T 208 1 4 1 2 8 2 1607 1711 114582846 25799368
T 209 1 1 4 2 2 8 1690 1670 114583522 25181411
# P_find a=24 b=25 c=22 a|b=30 a|c=28 b|c=29 a|b|c=30 of 30
