# cp_nz012f s0=15198 s1=124 s2=124 N=233684448(2^27.8000) rounds=5 trials=30 seed=42 t_start=270
# Q_b=C(s0,2)*W=1.343191e+16 (2^53.5765)  W=116311752 ; Q_a=Q_c=P2both*W (per trial)
T 270 1 4 2 2 8 4 1664 1631 114583370 24593177
T 271 2 3 3 4 6 6 1609 1692 114582835 25512842
T 272 6 3 6 12 6 12 1671 1649 114584824 24865514
T 273 6 1 0 12 2 0 1673 1612 114584106 24307450
T 274 2 2 4 4 4 8 1581 1701 114582823 25649006
T 275 5 3 2 10 6 4 1623 1735 114582845 26160735
T 276 0 3 1 0 6 2 1551 1611 114583718 24292279
T 277 2 3 6 4 6 12 1695 1746 114582469 26326755
T 278 3 3 12 6 6 24 1651 1704 114582618 25694061
T 279 5 3 4 10 6 8 1629 1672 114583787 25211528
T 280 3 4 3 6 8 6 1656 1676 114582484 25272218
T 281 6 2 8 12 4 16 1624 1784 114583709 26900872
T 282 0 3 3 0 6 6 1629 1675 114583405 25256636
T 283 2 2 4 4 4 8 1700 1781 114583258 26855462
T 284 1 3 0 2 6 0 1696 1646 114583914 24819663
T 285 4 3 0 8 6 0 1605 1554 114583332 23432805
T 286 2 1 4 4 2 8 1574 1640 114582867 24728692
T 287 7 2 3 14 4 6 1685 1645 114582443 24803864
T 288 6 3 2 12 6 4 1673 1603 114582604 24170203
T 289 1 1 3 2 2 6 1661 1654 114582508 24939852
T 290 1 4 3 2 8 6 1606 1652 114583031 24910654
T 291 0 2 11 0 4 22 1665 1661 114583214 25045498
T 292 2 4 4 4 8 8 1567 1627 114583300 24533577
T 293 5 2 2 10 4 4 1607 1568 114583847 23643754
T 294 0 2 4 0 4 8 1686 1604 114582531 24185678
T 295 9 1 4 18 2 8 1682 1670 114584396 25181515
T 296 4 3 8 8 6 16 1671 1721 114581714 25950316
T 297 2 2 3 4 4 6 1636 1655 114583466 24955136
T 298 1 0 0 2 0 0 1646 1611 114583396 24292241
T 299 3 1 9 6 2 18 1707 1710 114582935 25784044
# P_find a=26 b=29 c=26 a|b=30 a|c=30 b|c=29 a|b|c=30 of 30
