# cp_nz012f s0=16384 s1=128 s2=128 N=268435456(2^28.0000) rounds=5 trials=24 seed=42 t_start=96
# Q_b=C(s0,2)*W=1.773294e+16 (2^53.9773)  W=132128768 ; Q_a=Q_c=P2both*W (per trial)
T 96 5 2 12 10 4 24 2063 2037 133164887 33112253
T 97 4 4 1 8 8 2 1995 2002 133165261 32543906
T 98 1 2 2 2 4 4 2091 2075 133165499 33730019
T 99 2 3 5 4 6 10 2023 2020 133166782 32836916
T 100 1 3 4 2 6 8 2055 2000 133165967 32511049
T 101 8 2 0 16 4 0 1989 1982 133165444 32218987
T 102 2 3 6 4 6 12 2078 2039 133167354 33145440
T 103 9 1 6 18 2 12 2113 2006 133165809 32608969
T 104 7 4 4 14 8 8 2022 1948 133163663 31665247
T 105 0 3 10 0 6 20 1980 2033 133166469 33048513
T 106 0 3 0 0 6 0 1995 1974 133165864 32089389
T 107 2 0 0 4 0 0 1964 1996 133162937 32445788
T 108 2 2 9 4 4 18 1958 2115 133164978 34380482
T 109 1 2 0 2 4 0 1955 1941 133165850 31552542
T 110 3 2 9 6 4 18 2067 1990 133163668 32347937
T 111 2 4 10 4 8 20 2020 2137 133164282 34738767
T 112 3 3 4 6 6 8 2006 2060 133165518 33486253
T 113 2 3 3 4 6 6 2002 2042 133165337 33193847
T 114 0 4 3 0 8 6 2016 1955 133165454 31779699
T 115 9 1 0 18 2 0 2058 1976 133165559 32121009
T 116 17 2 4 34 4 8 2057 2052 133164897 33356536
T 117 10 5 2 20 10 4 2025 1918 133165315 31178450
T 118 0 3 6 0 6 12 1950 2038 133165481 33128884
T 119 1 1 3 2 2 6 1947 2006 133165134 32608236
# P_find a=20 b=23 c=19 a|b=24 a|c=23 b|c=23 a|b|c=24 of 24
