# cp_nz012f s0=16384 s1=128 s2=128 N=268435456(2^28.0000) rounds=5 trials=30 seed=42 t_start=270
# Q_b=C(s0,2)*W=1.773294e+16 (2^53.9773)  W=132128768 ; Q_a=Q_c=P2both*W (per trial)
T 270 3 4 2 6 8 4 2018 1981 133165114 32201611
T 271 1 4 7 2 8 14 2038 2084 133164904 33876191
T 272 3 5 7 6 10 14 1994 2028 133166983 32967063
T 273 11 2 0 22 4 0 2123 2000 133165924 32511252
T 274 1 4 5 2 8 10 2014 2026 133164474 32933846
T 275 5 1 3 10 2 6 2048 2102 133165299 34169469
T 276 0 3 4 0 6 8 1998 1981 133165917 32202696
T 277 3 3 12 6 6 24 2113 2049 133164387 33307391
T 278 4 3 8 8 6 16 2062 2126 133164751 34558942
T 279 2 2 4 4 4 8 2011 2033 133165438 33047967
T 280 9 4 2 18 8 4 2126 2055 133164428 33404316
T 281 4 4 5 8 8 10 2079 2120 133165587 34462171
T 282 0 8 3 0 16 6 2038 2131 133164894 34640134
T 283 2 2 8 4 4 16 2063 2087 133165321 33925848
T 284 6 1 1 12 2 2 2084 2040 133165127 33161483
T 285 9 5 0 18 10 0 2051 2005 133164979 32592029
T 286 10 4 1 20 8 2 2034 2006 133164532 32608628
T 287 4 4 4 8 8 8 2040 2136 133164135 34721874
T 288 5 4 5 10 8 10 2057 1993 133163699 32397308
T 289 3 3 9 6 6 18 1970 2055 133164119 33405190
T 290 3 5 11 6 10 22 2011 2006 133164934 32608488
T 291 0 1 7 0 2 14 2081 1999 133165252 32494473
T 292 3 4 2 6 8 4 2062 2057 133165100 33437583
T 293 5 1 6 10 2 12 2012 1996 133165344 32446102
T 294 0 2 1 0 4 2 2030 1916 133164149 31144861
T 295 4 8 10 8 16 20 2076 2038 133166146 33128847
T 296 5 1 10 10 2 20 2049 2119 133163162 34444947
T 297 1 1 4 2 2 8 2052 1960 133165409 31860496
T 298 0 2 2 0 4 4 1962 2012 133165283 32705523
T 299 2 2 5 4 4 10 2060 1971 133164870 32039246
# P_find a=25 b=30 c=28 a|b=30 a|c=30 b|c=30 a|b|c=30 of 30
