# cp_nz012f s0=16384 s1=128 s2=128 N=268435456(2^28.0000) rounds=5 trials=30 seed=42 t_start=30
# Q_b=C(s0,2)*W=1.773294e+16 (2^53.9773)  W=132128768 ; Q_a=Q_c=P2both*W (per trial)
T 30 5 0 2 10 0 4 2074 1912 133163701 31080323
T 31 2 4 3 4 8 6 2039 2072 133166795 33681779
T 32 1 5 3 2 10 6 2091 1993 133165186 32397325
T 33 6 3 6 12 6 12 2103 1974 133165363 32088488
T 34 9 2 2 18 4 4 2143 1991 133165871 32365473
T 35 2 0 1 4 0 2 1993 2013 133163841 32721791
T 36 12 2 3 24 4 6 2070 1975 133165530 32104537
T 37 1 3 5 2 6 10 2093 1961 133165066 31876741
T 38 7 2 5 14 4 10 2147 2046 133165518 33258732
T 39 10 4 11 20 8 22 2127 2045 133165303 33241705
T 40 6 4 8 12 8 16 2062 2001 133165301 32527124
