# cp_nz012f s0=16384 s1=128 s2=128 N=268435456(2^28.0000) rounds=5 trials=20 seed=42 t_start=70
# Q_b=C(s0,2)*W=1.773294e+16 (2^53.9773)  W=132128768 ; Q_a=Q_c=P2both*W (per trial)
T 70 1 3 0 2 6 0 2023 1986 133165102 32283025
T 71 0 1 5 0 2 10 2059 2006 133166552 32608833
T 72 6 0 12 12 0 24 2064 2046 133164613 33258536
T 73 11 3 0 22 6 0 2129 1984 133166303 32251816
T 74 1 5 2 2 10 4 1995 2043 133164875 33210027
T 75 2 2 0 4 4 0 2038 2019 133166121 32820388
T 76 0 4 7 0 8 14 2035 1969 133163265 32006443
T 77 1 2 0 2 4 0 2003 2016 133165860 32771265
T 78 9 2 2 18 4 4 2085 1947 133164394 31649731
T 79 0 4 5 0 8 10 2051 2044 133164496 33226623
T 80 3 3 0 6 6 0 2071 1918 133164619 31178240
T 81 8 3 2 16 6 4 2073 2059 133166263 33470021
T 82 3 2 11 6 4 22 2058 2005 133164821 32592522
T 83 0 2 2 0 4 4 2077 2060 133165529 33486542
T 84 6 2 0 12 4 0 2112 1979 133165802 32169167
T 85 7 4 4 14 8 8 2066 2027 133165099 32949530
T 86 3 3 3 6 6 6 2073 1969 133165221 32007394
T 87 5 3 2 10 6 4 2029 2177 133165289 35387556
T 88 2 3 6 4 6 12 2127 2008 133164409 32640525
T 89 8 3 5 16 6 10 2055 1994 133165754 32413801
# P_find a=16 b=19 c=14 a|b=20 a|c=20 b|c=20 a|b|c=20 of 20
