# cp_nz012f s0=16384 s1=128 s2=128 N=268435456(2^28.0000) rounds=5 trials=24 seed=42 t_start=126
# Q_b=C(s0,2)*W=1.773294e+16 (2^53.9773)  W=132128768 ; Q_a=Q_c=P2both*W (per trial)
T 126 2 2 3 4 4 6 2009 2017 133164918 32787139
T 127 6 1 9 12 2 18 2067 2099 133165200 34120795
T 128 6 2 0 12 4 0 2038 2010 133164079 32672711
T 129 1 2 11 2 4 22 2004 2029 133165983 32983071
T 130 0 0 8 0 0 16 1949 1980 133165162 32186009
T 131 0 1 8 0 2 16 1989 2091 133164585 33989987
T 132 0 1 2 0 2 4 1981 1970 133165207 32023615
T 133 0 3 1 0 6 2 1955 1957 133165789 31812054
T 134 0 0 1 0 0 2 2006 2050 133164467 33323817
T 135 6 3 4 12 6 8 2054 2037 133166205 33112114
T 136 2 5 0 4 10 0 1906 1967 133166003 31974515
T 137 5 1 3 10 2 6 2116 2047 133163100 33275182
T 138 3 3 2 6 6 4 2035 1936 133165755 31470809
T 139 3 4 12 6 8 24 2041 2069 133164669 33632598
T 140 6 1 2 12 2 4 1946 2037 133166589 33112588
T 141 9 3 0 18 6 0 2177 2046 133166040 33258172
T 142 3 3 2 6 6 4 1991 1998 133166231 32478943
T 143 0 0 4 0 0 8 1997 1997 133165540 32461501
T 144 7 1 2 14 2 4 2077 1940 133164903 31534850
T 145 8 4 7 16 8 14 1971 2029 133165234 32982265
T 146 7 1 1 14 2 2 2118 2024 133164568 32901598
T 147 5 2 3 10 4 6 2065 2044 133165590 33226303
T 148 3 1 0 6 2 0 2057 2015 133165260 32755180
T 149 3 0 3 6 0 6 1985 2033 133164433 33048500
# P_find a=18 b=20 c=20 a|b=21 a|c=24 b|c=24 a|b|c=24 of 24
