# cp_nz012f s0=16384 s1=128 s2=128 N=268435456(2^28.0000) rounds=5 trials=30 seed=42 t_start=210
# Q_b=C(s0,2)*W=1.773294e+16 (2^53.9773)  W=132128768 ; Q_a=Q_c=P2both*W (per trial)
T 210 3 3 0 6 6 0 2077 1948 133165294 31665629
T 211 7 4 0 14 8 0 2151 1960 133164640 31860418
T 212 4 4 5 8 8 10 2005 2090 133164125 33973307
T 213 2 5 4 4 10 8 1969 1954 133165609 31763575
T 214 2 2 4 4 4 8 2012 1989 133163709 32332013
T 215 6 2 0 12 4 0 2055 1982 133165425 32219420
T 216 5 3 0 10 6 0 2014 2005 133164834 32592174
T 217 2 2 2 4 4 4 2100 2079 133165015 33795770
T 218 3 3 1 6 6 2 2029 1970 133165782 32024293
T 219 8 4 8 16 8 16 2122 1969 133165719 32007683
T 220 7 2 11 14 4 22 2015 1978 133165155 32154139
T 221 7 2 8 14 4 16 2004 2099 133165428 34120449
T 222 4 5 0 8 10 0 1980 1965 133166348 31942321
T 223 7 0 3 14 0 6 1995 1970 133166120 32023262
T 224 3 4 3 6 8 6 1973 2044 133165137 33225642
T 225 6 1 4 12 2 8 2081 2112 133165134 34332207
T 226 1 2 11 2 4 22 2000 2007 133165267 32625092
T 227 0 4 2 0 8 4 1951 2014 133166449 32739487
T 228 6 2 8 12 4 16 2083 1971 133164255 32038665
T 229 7 1 9 14 2 18 2066 1994 133164016 32413049
T 230 3 4 3 6 8 6 2000 2015 133164164 32754714
T 231 0 4 2 0 8 4 1977 1931 133164590 31388555
T 232 7 3 7 14 6 14 2006 1961 133166325 31877451
T 233 7 0 2 14 0 4 1981 1943 133165340 31584364
T 234 4 1 0 8 2 0 2068 1939 133164305 31518974
T 235 0 2 0 0 4 0 1972 2030 133165390 32998637
T 236 4 2 3 8 4 6 2028 2012 133164660 32705470
T 237 11 5 5 22 10 10 2097 1991 133165897 32365449
T 238 7 3 5 14 6 10 2070 1967 133165638 31973865
T 239 0 3 0 0 6 0 2042 1901 133164779 30901180
# P_find a=26 b=28 c=22 a|b=30 a|c=28 b|c=30 a|b|c=30 of 30
