# cp_nz012f s0=16384 s1=128 s2=128 N=268435456(2^28.0000) rounds=5 trials=30 seed=42 t_start=180
# Q_b=C(s0,2)*W=1.773294e+16 (2^53.9773)  W=132128768 ; Q_a=Q_c=P2both*W (per trial)
T 180 0 3 7 0 6 14 2034 2000 133165602 32511223
T 181 5 2 12 10 4 24 2059 2100 133164003 34135824
T 182 1 3 0 2 6 0 2125 1961 133163305 31877116
T 183 0 1 7 0 2 14 2008 2101 133165484 34153648
T 184 9 1 3 18 2 6 2071 1992 133165549 32381190
T 185 4 4 0 8 8 0 2014 2020 133165388 32836385
T 186 2 6 2 4 12 4 2092 2022 133165146 32868862
T 187 1 3 3 2 6 6 1973 2027 133165013 32950364
T 188 6 1 5 12 2 10 1978 1983 133165511 32235559
T 189 6 3 0 12 6 0 2074 2010 133163968 32672315
T 190 4 3 3 8 6 6 2087 2094 133165608 34039726
T 191 6 4 0 12 8 0 1947 1970 133164715 32023675
T 192 8 4 4 16 8 8 2072 2028 133165003 32967330
T 193 8 5 9 16 10 18 2118 2127 133164698 34576583
T 194 3 3 0 6 6 0 1988 1947 133165237 31649931
T 195 6 1 0 12 2 0 2058 1937 133165569 31486936
T 196 2 4 2 4 8 4 2062 2078 133162616 33777680
T 197 0 3 5 0 6 10 2014 2010 133165757 32673742
T 198 2 2 2 4 4 4 2074 1970 133163768 32022990
T 199 2 2 7 4 4 14 1934 2103 133165113 34185446
T 200 3 0 9 6 0 18 1989 2012 133164550 32704965
T 201 8 5 6 16 10 12 2014 1981 133165427 32202545
T 202 8 4 3 16 8 6 2109 2020 133164755 32835703
T 203 0 7 12 0 14 24 2105 2192 133164704 35631619
T 204 8 6 13 16 12 26 2008 2021 133163818 32851844
T 205 6 4 2 12 8 4 2054 1997 133164380 32461700
T 206 2 2 2 4 4 4 2012 1925 133164840 31292148
T 207 2 3 0 4 6 0 1968 2007 133165612 32624520
T 208 0 2 2 0 4 4 2045 1991 133165202 32364646
T 209 6 2 6 12 4 12 2008 2040 133165882 33161588
# P_find a=25 b=29 c=23 a|b=30 a|c=30 b|c=30 a|b|c=30 of 30
