# cp_nz012f s0=16384 s1=128 s2=128 N=268435456(2^28.0000) rounds=5 trials=18 seed=42 t_start=12
# Q_b=C(s0,2)*W=1.773294e+16 (2^53.9773)  W=132128768 ; Q_a=Q_c=P2both*W (per trial)
T 12 1 5 5 2 10 10 2076 2038 133165084 33129061
T 13 1 1 2 2 2 4 1948 1975 133164521 32104081
T 14 12 4 0 24 8 0 2057 2060 133165369 33486322
T 15 4 1 1 8 2 2 2032 2033 133165245 33046933
T 16 4 1 10 8 2 20 2067 2075 133165800 33730168
T 17 2 5 4 4 10 8 2049 2032 133163728 33030187
T 18 6 2 1 12 4 2 2079 2060 133165896 33486852
T 19 5 1 0 10 2 0 2064 1958 133166039 31827892
T 20 3 2 6 6 4 12 2087 1995 133165357 32429673
T 21 3 4 5 6 8 10 2022 2084 133165343 33876921
T 22 0 1 3 0 2 6 2067 2004 133165294 32576749
T 23 4 3 6 8 6 12 1984 2053 133166852 33373328
T 24 5 0 7 10 0 14 2145 1936 133165318 31470616
T 25 6 1 0 12 2 0 2053 1950 133165428 31697276
T 26 11 2 8 22 4 16 2092 2091 133164992 33990509
T 27 3 2 7 6 4 14 2023 1970 133165546 32023596
T 28 5 1 0 10 2 0 2132 1933 133164453 31422006
T 29 0 2 9 0 4 18 2006 2043 133164829 33210509
# P_find a=16 b=17 c=14 a|b=18 a|c=18 b|c=18 a|b|c=18 of 18
