# cp_nz012f s0=16384 s1=128 s2=128 N=268435456(2^28.0000) rounds=5 trials=30 seed=42 t_start=0
# Q_b=C(s0,2)*W=1.773294e+16 (2^53.9773)  W=132128768 ; Q_a=Q_c=P2both*W (per trial)
T 0 1 0 8 2 0 16 2060 1940 133165093 31535226
T 1 4 3 10 8 6 20 2023 2086 133162771 33907808
T 2 4 1 0 8 2 0 2057 1946 133165456 31633964
T 3 4 2 6 8 4 12 1994 1982 133165148 32217981
T 4 2 5 2 4 10 4 1967 2063 133163803 33535510
T 5 0 7 4 0 14 8 1978 2111 133164621 34316312
T 6 0 6 0 0 12 0 1980 1965 133166833 31942585
T 7 6 1 7 12 2 14 1967 2060 133164046 33486737
T 8 9 1 1 18 2 2 2080 2034 133164139 33062649
T 9 4 1 7 8 2 14 2055 2089 133163699 33957505
T 10 3 2 0 6 4 0 2051 2065 133166916 33567946
T 11 0 6 2 0 12 4 1945 2028 133164185 32965990
