# cp_nz012f s0=16384 s1=128 s2=128 N=268435456(2^28.0000) rounds=5 trials=30 seed=42 t_start=150
# Q_b=C(s0,2)*W=1.773294e+16 (2^53.9773)  W=132128768 ; Q_a=Q_c=P2both*W (per trial)
T 150 0 0 1 0 0 2 2117 2020 133164448 32835511
T 151 5 6 6 10 12 12 2074 2006 133165486 32608495
T 152 10 2 7 20 4 14 2083 2024 133166030 32901840
T 153 9 4 3 18 8 6 2038 2022 133165371 32869145
T 154 0 2 1 0 4 2 1969 1982 133165117 32218256
T 155 3 4 2 6 8 4 2003 2020 133165225 32836426
T 156 5 2 8 10 4 16 2064 2010 133164501 32673844
T 157 1 2 7 2 4 14 1989 2092 133163499 34006157
T 158 11 4 12 22 8 24 2081 2119 133164946 34445841
T 159 5 4 4 10 8 8 2062 2132 133164179 34656683
T 160 3 4 6 6 8 12 2108 2027 133164699 32949865
T 161 2 3 4 4 6 8 1926 1987 133165070 32299645
T 162 4 1 3 8 2 6 2062 2023 133165820 32885226
T 163 13 1 9 26 2 18 2050 2016 133164191 32770908
T 164 1 6 2 2 12 4 2014 1984 133165596 32250330
T 165 4 2 3 8 4 6 1965 2032 133164479 33031460
T 166 8 5 3 16 10 6 2098 2090 133165882 33973766
T 167 0 2 8 0 4 16 2077 2005 133165677 32592722
T 168 6 4 0 12 8 0 2074 2026 133165559 32933553
T 169 0 5 1 0 10 2 1995 2120 133165732 34462386
T 170 10 4 4 20 8 8 2066 1935 133165829 31454740
T 171 2 0 2 4 0 4 2079 2031 133164872 33015210
T 172 1 3 10 2 6 20 1949 2082 133164706 33844266
T 173 4 3 1 8 6 2 1987 2039 133164762 33144562
T 174 9 6 2 18 12 4 2034 2046 133164361 33258889
T 175 14 1 10 28 2 20 2075 2057 133163638 33436806
T 176 9 5 10 18 10 20 2109 2043 133165832 33210279
T 177 1 4 5 2 8 10 1904 2090 133165413 33974181
T 178 9 3 5 18 6 10 2044 2013 133165261 32722334
T 179 9 2 3 18 4 6 2098 2099 133165432 34120126
# P_find a=26 b=28 c=29 a|b=29 a|c=30 b|c=30 a|b|c=30 of 30
