# cp_nz012f s0=16384 s1=128 s2=128 N=268435456(2^28.0000) rounds=5 trials=30 seed=42 t_start=60
# Q_b=C(s0,2)*W=1.773294e+16 (2^53.9773)  W=132128768 ; Q_a=Q_c=P2both*W (per trial)
T 60 4 3 15 8 6 30 1959 1972 133164328 32055381
T 61 5 3 3 10 6 6 1943 2041 133164402 33176397
T 62 4 7 1 8 14 2 2008 2102 133165184 34169718
T 63 2 4 10 4 8 20 1983 2119 133164894 34445882
T 64 3 3 0 6 6 0 2062 2008 133164770 32641137
T 65 2 2 0 4 4 0 1953 2012 133164446 32706004
T 66 5 1 15 10 2 30 2020 2124 133165718 34526103
T 67 3 3 4 6 6 8 2060 2008 133164699 32641114
T 68 0 5 0 0 10 0 1912 2003 133164439 32559517
T 69 4 5 1 8 10 2 1888 2039 133164725 33144407
