# cp_nz012f s0=16384 s1=128 s2=128 N=268435456(2^28.0000) rounds=5 trials=30 seed=42 t_start=240
# Q_b=C(s0,2)*W=1.773294e+16 (2^53.9773)  W=132128768 ; Q_a=Q_c=P2both*W (per trial)
T 240 2 2 2 4 4 4 2066 1985 133164591 32267682
T 241 6 1 11 12 2 22 2017 2100 133164320 34136439
T 242 12 2 2 24 4 4 2088 2017 133164622 32786982
T 243 0 4 0 0 8 0 2012 1970 133165125 32023844
T 244 5 2 3 10 4 6 2040 2064 133164935 33551512
T 245 0 1 4 0 2 8 2044 2001 133164365 32527398
T 246 0 3 1 0 6 2 1890 1991 133164689 32364505
T 247 5 2 0 10 4 0 1990 2013 133165611 32722233
T 248 4 3 3 8 6 6 2015 1992 133165514 32381056
T 249 1 0 7 2 0 14 2025 2030 133164339 32998847
T 250 8 2 7 16 4 14 2012 2049 133165293 33307600
T 251 1 2 0 2 4 0 2070 1987 133163556 32300140
T 252 2 2 4 4 4 8 2055 1998 133166136 32479075
T 253 4 4 4 8 8 8 2092 1994 133164435 32413191
T 254 10 4 0 20 8 0 2077 2006 133165020 32608346
T 255 3 2 2 6 4 4 2030 2035 133165293 33080206
T 256 3 4 0 6 8 0 2002 1951 133164823 31714385
T 257 12 3 0 24 6 0 2111 1949 133164375 31681518
T 258 2 3 4 4 6 8 2075 2019 133165294 32820321
T 259 0 3 6 0 6 12 2073 2010 133166243 32673714
T 260 2 7 2 4 14 4 2008 1969 133165626 32006912
T 261 3 3 2 6 6 4 1954 2011 133167010 32689467
T 262 4 5 4 8 10 8 2013 1965 133165206 31941843
T 263 0 2 0 0 4 0 1981 1919 133164838 31193902
T 264 10 2 0 20 4 0 1996 1932 133165138 31405938
T 265 2 0 4 4 0 8 1960 2036 133165374 33096353
T 266 0 6 4 0 12 8 1944 2076 133165141 33746437
T 267 0 1 0 0 2 0 2022 2038 133165116 33128907
T 268 5 1 0 10 2 0 2029 1956 133166355 31795643
T 269 3 4 6 6 8 12 1954 2010 133165883 32674319
# P_find a=23 b=28 c=20 a|b=30 a|c=27 b|c=30 a|b|c=30 of 30
