# cp_nz012f s0=16384 s1=128 s2=128 N=268435456(2^28.0000) rounds=5 trials=19 seed=42 t_start=41
# Q_b=C(s0,2)*W=1.773294e+16 (2^53.9773)  W=132128768 ; Q_a=Q_c=P2both*W (per trial)
T 41 3 0 5 6 0 10 1987 1979 133165609 32169441
T 42 5 0 1 10 0 2 2049 1967 133167029 31975307
T 43 2 1 2 4 2 4 1993 1971 133164844 32039940
T 44 0 3 9 0 6 18 2076 2077 133163570 33761563
T 45 2 1 5 4 2 10 2053 1931 133165347 31388658
T 46 6 5 0 12 10 0 2034 2031 133165827 33014703
T 47 0 1 0 0 2 0 1955 1981 133165005 32202811
T 48 3 3 10 6 6 20 2031 2005 133165861 32592910
T 49 2 6 3 4 12 6 2078 2078 133166529 33779136
T 50 7 1 5 14 2 10 2087 2023 133163735 32885207
T 51 0 2 12 0 4 24 1985 2090 133165122 33974024
T 52 6 3 1 12 6 2 2080 1971 133165803 32039809
T 53 4 1 6 8 2 12 2068 2013 133165397 32722296
T 54 10 1 4 20 2 8 2085 2001 133165404 32526995
T 55 3 5 6 6 10 12 1996 1952 133165732 31730895
T 56 9 2 3 18 4 6 2028 1994 133165542 32415218
T 57 10 1 0 20 2 0 2047 1983 133165545 32234817
T 58 4 4 5 8 8 10 2025 1988 133165525 32315803
T 59 5 3 5 10 6 10 2024 2052 133164573 33355883
# P_find a=16 b=17 c=16 a|b=19 a|c=18 b|c=19 a|b|c=19 of 19
