# cp_nz012f s0=18133 s1=135 s2=135 N=330473925(2^28.3000) rounds=5 trials=30 seed=42 t_start=180
# Q_b=C(s0,2)*W=2.689878e+16 (2^54.5784)  W=163624050 ; Q_a=Q_c=P2both*W (per trial)
T 180 0 6 8 0 12 16 2734 2713 163115563 48809192
T 181 5 5 13 10 10 26 2823 2846 163113616 51201688
T 182 11 6 0 22 12 0 2827 2570 163112754 46235508
T 183 1 6 13 2 12 26 2786 2879 163114009 51795950
T 184 17 0 4 34 0 8 2901 2732 163115045 49152549
T 185 2 7 0 4 14 0 2751 2799 163114867 50357364
T 186 6 8 10 12 16 20 2850 2744 163113670 49367021
T 187 3 3 8 6 6 16 2779 2803 163114288 50429308
T 188 6 3 7 12 6 14 2701 2728 163115313 49079572
T 189 11 7 0 22 14 0 2744 2783 163112364 50068081
T 190 7 4 5 14 8 10 2727 2710 163115166 48755520
T 191 11 3 0 22 6 0 2646 2757 163114273 49601464
T 192 10 6 17 20 12 34 2783 2667 163114568 47981717
T 193 10 6 3 20 12 6 2780 2795 163114134 50285086
T 194 3 1 0 6 2 0 2691 2753 163114225 49528613
T 195 8 5 0 16 10 0 2714 2665 163114863 47945292
T 196 1 5 9 2 10 18 2793 2662 163111829 47890427
T 197 0 3 4 0 6 8 2668 2695 163115461 48486114
T 198 3 5 0 6 10 0 2739 2640 163112373 47496077
T 199 8 4 8 16 8 16 2690 2866 163114805 51563157
T 200 3 3 12 6 6 24 2640 2807 163113868 50499563
T 201 16 1 5 32 2 10 2784 2761 163114786 49673480
T 202 3 3 10 6 6 20 2815 2836 163113843 51022119
T 203 0 2 17 0 4 34 2852 2865 163114423 51544148
T 204 11 4 10 22 8 20 2834 2810 163113656 50554012
T 205 9 3 4 18 6 8 2791 2831 163113660 50932812
T 206 7 6 4 14 12 8 2817 2760 163114643 49655387
T 207 5 5 0 10 10 0 2662 2750 163114725 49474607
T 208 2 4 2 4 8 4 2806 2661 163114482 47873738
T 209 7 4 10 14 8 20 2836 2697 163115132 48521865
# P_find a=27 b=29 c=22 a|b=30 a|c=30 b|c=30 a|b|c=30 of 30
