# cp_nz012f s0=18133 s1=135 s2=135 N=330473925(2^28.3000) rounds=5 trials=30 seed=42 t_start=90
# Q_b=C(s0,2)*W=2.689878e+16 (2^54.5784)  W=163624050 ; Q_a=Q_c=P2both*W (per trial)
T 90 8 4 11 16 8 22 2820 2779 163113064 49995459
T 91 4 7 15 8 14 30 2775 2875 163114591 51723603
T 92 1 7 18 2 14 36 2757 2879 163114058 51795513
T 93 0 5 1 0 10 2 2739 2698 163114626 48538491
T 94 12 3 3 24 6 6 2895 2750 163115011 49474893
T 95 1 5 11 2 10 22 2901 2817 163113603 50680635
T 96 13 3 16 26 6 32 2842 2773 163114900 49889203
T 97 5 4 5 10 8 10 2729 2789 163114873 50175547
T 98 5 5 5 10 10 10 2735 2865 163115457 51544505
T 99 3 3 7 6 6 14 2758 2842 163116115 51130939
T 100 0 2 9 0 4 18 2753 2797 163115181 50321022
T 101 3 14 2 6 28 4 2866 2762 163114940 49691162
T 102 4 1 5 8 2 10 2721 2791 163116527 50212313
T 103 16 6 11 32 12 22 2758 2695 163115203 48486064
T 104 7 6 9 14 12 18 2677 2668 163112836 47998755
T 105 0 4 12 0 8 24 2741 2834 163115343 50986771
T 106 0 5 0 0 10 0 2725 2739 163115242 49277009
T 107 3 5 6 6 10 12 2722 2759 163112108 49636385
T 108 4 3 7 8 6 14 2730 2831 163114217 50931957
T 109 6 3 2 12 6 4 2775 2714 163114654 48827310
T 110 4 5 10 8 10 20 2798 2858 163113299 51418644
T 111 2 3 19 4 6 38 2703 2792 163113982 50229924
T 112 5 3 14 10 6 28 2759 2826 163115423 50842406
T 113 6 3 6 12 6 12 2729 2769 163115090 49817128
T 114 5 3 1 10 6 2 2747 2729 163114682 49096470
T 115 12 7 2 24 14 4 2787 2701 163115152 48594426
T 116 15 5 8 30 10 16 2832 2773 163114292 49888840
T 117 16 4 3 32 8 6 2778 2664 163114395 47927512
T 118 0 10 5 0 20 10 2752 2795 163115455 50285692
T 119 4 6 3 8 12 6 2734 2804 163114436 50446396
# P_find a=25 b=30 c=29 a|b=30 a|c=29 b|c=30 a|b|c=30 of 30
