# cp_nz012f s0=18133 s1=135 s2=135 N=330473925(2^28.3000) rounds=5 trials=30 seed=42 t_start=150
# Q_b=C(s0,2)*W=2.689878e+16 (2^54.5784)  W=163624050 ; Q_a=Q_c=P2both*W (per trial)
T 150 6 3 3 12 6 6 2745 2679 163113984 48198609
T 151 6 9 6 12 18 12 2752 2763 163114520 49708626
T 152 9 5 5 18 10 10 2796 2699 163116028 48557629
T 153 3 7 2 6 14 4 2843 2695 163114287 48485479
T 154 0 7 5 0 14 10 2726 2755 163113795 49565240
T 155 7 11 4 14 22 8 2853 2821 163114994 50751970
T 156 4 3 7 8 6 14 2718 2748 163114000 49438976
T 157 4 0 9 8 0 18 2766 2677 163112924 48161242
T 158 13 3 14 26 6 28 2802 2872 163113813 51669846
T 159 11 8 12 22 16 24 2762 2856 163113042 51381338
T 160 0 7 5 0 14 10 2804 2803 163114230 50428018
T 161 5 5 6 10 10 12 2789 2794 163114191 50266743
T 162 12 4 4 24 8 8 2778 2800 163116021 50374770
T 163 18 6 6 36 12 12 2781 2773 163114019 49888294
T 164 2 5 2 4 10 4 2791 2754 163114972 49546248
T 165 5 10 10 10 20 20 2679 2775 163113635 49925272
T 166 7 1 5 14 2 10 2743 2666 163114900 47963460
T 167 3 5 7 6 10 14 2727 2668 163115336 48000022
T 168 7 3 0 14 6 0 2841 2800 163115475 50375164
T 169 0 3 3 0 6 6 2782 2844 163115102 51166695
T 170 12 8 8 24 16 16 2809 2745 163115254 49385698
T 171 8 4 5 16 8 10 2788 2725 163113959 49024238
T 172 5 4 17 10 8 34 2822 2811 163114323 50571215
T 173 3 6 2 6 12 4 2718 2673 163113563 48089882
T 174 17 6 2 34 12 4 2838 2762 163112473 49690382
T 175 10 7 8 20 14 16 2870 2760 163113567 49654688
T 176 16 6 10 32 12 20 2860 2804 163114869 50446507
T 177 6 2 4 12 4 8 2718 2757 163115680 49601392
T 178 9 3 2 18 6 4 2785 2740 163114781 49295024
T 179 11 3 2 22 6 4 2793 2752 163114441 49510451
# P_find a=27 b=29 c=29 a|b=30 a|c=30 b|c=30 a|b|c=30 of 30
