# cp_nz012f s0=18133 s1=135 s2=135 N=330473925(2^28.3000) rounds=5 trials=30 seed=42 t_start=270
# Q_b=C(s0,2)*W=2.689878e+16 (2^54.5784)  W=163624050 ; Q_a=Q_c=P2both*W (per trial)
T 270 3 2 2 6 4 4 2756 2674 163114932 48108296
T 271 3 3 8 6 6 16 2770 2702 163113573 48611070
T 272 6 3 10 12 6 20 2941 2731 163116359 49134178
T 273 15 2 0 30 4 0 2838 2724 163115436 49008110
T 274 4 5 4 8 10 8 2741 2774 163114380 49905848
T 275 2 6 3 4 12 6 2728 2756 163114707 49582226
T 276 0 4 3 0 8 6 2739 2658 163115127 47820414
T 277 4 6 12 8 12 24 2781 2849 163113848 51256787
T 278 3 2 13 6 4 26 2777 2831 163113895 50932387
T 279 4 6 6 8 12 12 2749 2728 163114515 49079168
T 280 3 0 4 6 0 8 2733 2722 163114010 48972299
T 281 9 3 7 18 6 14 2804 2838 163115782 51057718
T 282 0 4 10 0 8 20 2794 2779 163114110 49996197
T 283 5 4 11 10 8 22 2862 2770 163114903 49835177
T 284 5 2 1 10 4 2 2683 2769 163114790 49816910
T 285 10 5 0 20 10 0 2705 2717 163114453 48881133
T 286 8 0 3 16 0 6 2702 2787 163114030 50140227
T 287 14 4 13 28 8 26 2866 2795 163113432 50283982
T 288 6 6 6 12 12 12 2759 2762 163112697 49689524
T 289 2 6 9 4 12 18 2745 2800 163113162 50374149
T 290 8 6 12 16 12 24 2819 2810 163114589 50554577
T 291 0 6 7 0 12 14 2713 2733 163115062 49169526
T 292 8 9 0 16 18 0 2746 2818 163113836 50698298
T 293 7 7 8 14 14 16 2862 2865 163114201 51544999
T 294 0 2 4 0 4 8 2792 2776 163113553 49942496
T 295 7 4 5 14 8 10 2833 2678 163115753 48180028
T 296 6 6 19 12 12 38 2807 2765 163112867 49744674
T 297 0 12 12 0 24 24 2833 2823 163114487 50788165
T 298 2 2 2 4 4 4 2645 2780 163115625 50015004
T 299 5 6 10 10 12 20 2828 2877 163114334 51760513
# P_find a=25 b=28 c=27 a|b=30 a|c=30 b|c=30 a|b|c=30 of 30
