# cp_nz012f s0=18133 s1=135 s2=135 N=330473925(2^28.3000) rounds=5 trials=30 seed=42 t_start=0
# Q_b=C(s0,2)*W=2.689878e+16 (2^54.5784)  W=163624050 ; Q_a=Q_c=P2both*W (per trial)
T 0 3 3 8 6 6 16 2773 2785 163113707 50104808
T 1 6 4 10 12 8 20 2705 2725 163112596 49024754
T 2 3 1 0 6 2 0 2757 2734 163115057 49186748
T 3 11 3 3 22 6 6 2792 2720 163114794 48935088
T 4 3 4 1 6 8 2 2694 2926 163113260 52641261
T 5 0 3 13 0 6 26 2672 2877 163113851 51760424
T 6 0 5 0 0 10 0 2651 2715 163115465 48845663
T 7 10 6 7 20 12 14 2785 2851 163113612 51291662
T 8 8 3 1 16 6 2 2827 2860 163113436 51454662
T 9 3 6 5 6 12 10 2777 2796 163113514 50303146
T 10 8 5 7 16 10 14 2801 2820 163115996 50734535
T 11 0 4 3 0 8 6 2730 2800 163113920 50374293
T 12 0 3 5 0 6 10 2839 2755 163114349 49564195
T 13 6 2 5 12 4 10 2856 2802 163113926 50410472
T 14 15 4 3 30 8 6 2903 2705 163114967 48665691
T 15 3 6 4 6 12 8 2745 2755 163114293 49564344
T 16 3 2 13 6 4 26 2862 2829 163115255 50897005
T 17 2 3 6 4 6 12 2846 2763 163113645 49709368
T 18 8 3 1 16 6 2 2838 2775 163114897 49925707
T 19 5 5 0 10 10 0 2770 2773 163115479 49889642
T 20 7 5 2 14 10 4 2729 2639 163114731 47478113
T 21 3 7 6 6 14 12 2791 2776 163114343 49943106
T 22 0 4 9 0 8 18 2665 2784 163114137 50086751
T 23 5 5 12 10 10 24 2862 2758 163116678 49619977
T 24 4 2 11 8 4 22 2847 2754 163114038 49546465
T 25 7 9 0 14 18 0 2692 2670 163115689 48036491
T 26 7 3 7 14 6 14 2796 2806 163114406 50482777
T 27 2 5 5 4 10 10 2828 2840 163114645 51095038
T 28 7 7 0 14 14 0 2722 2700 163114883 48575633
T 29 0 12 9 0 24 18 2713 2779 163114850 49996897
# P_find a=24 b=30 c=25 a|b=30 a|c=29 b|c=30 a|b|c=30 of 30
