# cp_nz012f s0=18133 s1=135 s2=135 N=330473925(2^28.3000) rounds=5 trials=25 seed=42 t_start=35
# Q_b=C(s0,2)*W=2.689878e+16 (2^54.5784)  W=163624050 ; Q_a=Q_c=P2both*W (per trial)
T 35 6 4 4 12 8 8 2681 2848 163113330 51238088
T 36 20 3 6 40 6 12 2800 2607 163114796 46901782
T 37 6 7 5 12 14 10 2773 2771 163114518 49853032
T 38 5 3 7 10 6 14 2951 2777 163114983 49962195
T 39 10 6 15 20 12 30 2780 2760 163115432 49655757
T 40 8 6 6 16 12 12 2815 2800 163114599 50374747
T 41 7 3 5 14 6 10 2677 2688 163114493 48358934
T 42 9 2 4 18 4 8 2802 2752 163116072 49511965
T 43 6 7 3 12 14 6 2808 2755 163114176 49565020
T 44 4 6 9 8 12 18 2813 2755 163113441 49564382
T 45 2 3 3 4 6 6 2768 2682 163114772 48252344
T 46 11 6 1 22 12 2 2864 2803 163115212 50428724
T 47 2 3 0 4 6 0 2672 2809 163114164 50536096
T 48 6 3 12 12 6 24 2776 2786 163114907 50122291
T 49 2 6 3 4 12 6 2723 2734 163116081 49187434
T 50 11 3 13 22 6 26 2805 2797 163112955 50320397
T 51 0 4 8 0 8 16 2621 2926 163114428 52641768
T 52 16 7 2 32 14 4 2800 2770 163114677 49834834
T 53 10 6 11 20 12 22 2748 2788 163114562 50158031
T 54 23 4 0 46 8 0 2897 2680 163114925 48215568
T 55 8 7 4 16 14 8 2784 2808 163115275 50518023
T 56 18 6 1 36 12 2 2860 2697 163115211 48522814
T 57 6 5 0 12 10 0 2768 2638 163114734 47460023
T 58 2 3 9 4 6 18 2727 2795 163114871 50284482
T 59 10 4 12 20 8 24 2750 2793 163114293 50247822
# P_find a=24 b=25 c=22 a|b=25 a|c=25 b|c=25 a|b|c=25 of 25
