# cp_nz012f s0=18133 s1=135 s2=135 N=330473925(2^28.3000) rounds=5 trials=30 seed=42 t_start=240
# Q_b=C(s0,2)*W=2.689878e+16 (2^54.5784)  W=163624050 ; Q_a=Q_c=P2both*W (per trial)
T 240 2 3 6 4 6 12 2796 2765 163113727 49744427
T 241 6 2 11 12 4 22 2783 2895 163113818 52082787
T 242 16 5 1 32 10 2 2870 2767 163113982 49780929
T 243 0 6 0 0 12 0 2739 2763 163114480 49708666
T 244 6 4 5 12 8 10 2769 2788 163114065 50158380
T 245 3 3 12 6 6 24 2749 2780 163113888 50014880
T 246 0 7 5 0 14 10 2729 2715 163114308 48845488
T 247 4 9 0 8 18 0 2725 2740 163115572 49294674
T 248 4 2 2 8 4 4 2763 2789 163115987 50177292
T 249 4 6 7 8 12 14 2788 2788 163113436 50158007
T 250 5 3 15 10 6 30 2692 2792 163115256 50230011
T 251 2 4 0 4 8 0 2851 2701 163113243 48593527
T 252 10 1 4 20 2 8 2827 2747 163114955 49421280
T 253 8 5 13 16 10 26 2641 2869 163114152 51614766
T 254 11 7 2 22 14 4 2788 2652 163113980 47711822
T 255 1 5 3 2 10 6 2755 2798 163114343 50339458
T 256 7 5 5 14 10 10 2834 2726 163114065 49042049
T 257 11 8 0 22 16 0 2851 2748 163114402 49439197
T 258 11 5 2 22 10 4 2828 2600 163114131 46775963
T 259 7 4 11 14 8 22 2682 2847 163115790 51220136
T 260 2 4 5 4 8 10 2782 2664 163114563 47928374
T 261 2 5 5 4 10 10 2718 2816 163116335 50663162
T 262 9 3 3 18 6 6 2824 2748 163114945 49439056
T 263 0 6 0 0 12 0 2668 2641 163114481 47514679
T 264 12 3 0 24 6 0 2741 2839 163114338 51076741
T 265 8 5 9 16 10 18 2728 2763 163114181 49707878
T 266 0 2 8 0 4 16 2751 2838 163113818 51057744
T 267 0 6 0 0 12 0 2712 2720 163115526 48936098
T 268 11 4 0 22 8 0 2761 2633 163115477 47370343
T 269 1 5 3 2 10 6 2722 2671 163114650 48053092
# P_find a=25 b=30 c=22 a|b=30 a|c=27 b|c=30 a|b|c=30 of 30
