# cp_nz012f s0=18133 s1=135 s2=135 N=330473925(2^28.3000) rounds=5 trials=30 seed=42 t_start=210
# Q_b=C(s0,2)*W=2.689878e+16 (2^54.5784)  W=163624050 ; Q_a=Q_c=P2both*W (per trial)
T 210 4 8 0 8 16 0 2754 2645 163114363 47585093
T 211 9 4 0 18 8 0 2782 2780 163113399 50015308
T 212 3 5 7 6 10 14 2692 2796 163113617 50301445
T 213 3 7 4 6 14 8 2722 2787 163114681 50141150
T 214 4 8 8 8 16 16 2818 2828 163112990 50877683
T 215 19 4 0 38 8 0 2729 2739 163114517 49276996
T 216 5 7 0 10 14 0 2713 2712 163113669 48791211
T 217 6 10 6 12 20 12 2881 2762 163115172 49691740
T 218 1 3 4 2 6 8 2695 2814 163114672 50626834
T 219 19 4 8 38 8 16 2788 2829 163115089 50896865
T 220 7 4 12 14 8 24 2713 2797 163114595 50319914
T 221 12 5 13 24 10 26 2783 2806 163114724 50481896
T 222 5 7 0 10 14 0 2695 2706 163115985 48683798
T 223 6 6 2 12 12 4 2812 2672 163114849 48072521
T 224 9 1 9 18 2 18 2610 2775 163114606 49924457
T 225 10 1 3 20 2 6 2834 2762 163114267 49691277
T 226 3 5 12 6 10 24 2756 2869 163114543 51616564
T 227 0 3 4 0 6 8 2691 2701 163115734 48594405
T 228 10 5 8 20 10 16 2773 2717 163113664 48880533
T 229 15 6 11 30 12 22 2926 2764 163113422 49726170
T 230 9 6 3 18 12 6 2913 2692 163113247 48431575
T 231 4 7 2 8 14 4 2714 2743 163114011 49349356
T 232 14 4 9 28 8 18 2814 2736 163116039 49223665
T 233 5 4 3 10 8 6 2632 2789 163114473 50176977
T 234 4 5 0 8 10 0 2814 2703 163113615 48628163
T 235 0 4 0 0 8 0 2783 2714 163114400 48827526
T 236 9 7 10 18 14 20 2746 2859 163114477 51435918
T 237 11 5 11 22 10 22 2757 2803 163114764 50428562
T 238 9 2 5 18 4 10 2883 2785 163114571 50104580
T 239 0 3 0 0 6 0 2747 2664 163114123 47928077
# P_find a=27 b=30 c=22 a|b=30 a|c=28 b|c=30 a|b|c=30 of 30
