# cp_nz012f s0=18133 s1=135 s2=135 N=330473925(2^28.3000) rounds=5 trials=30 seed=42 t_start=120
# Q_b=C(s0,2)*W=2.689878e+16 (2^54.5784)  W=163624050 ; Q_a=Q_c=P2both*W (per trial)
T 120 11 6 9 22 12 18 2879 2646 163114155 47604525
T 121 0 2 5 0 4 10 2746 2750 163115395 49475439
T 122 2 7 9 4 14 18 2639 2792 163114123 50230773
T 123 4 5 6 8 10 12 2785 2805 163114325 50464010
T 124 19 6 9 38 12 18 2834 2743 163114729 49349670
T 125 10 3 13 20 6 26 2728 2807 163115374 50501203
T 126 0 8 5 0 16 10 2774 2869 163113797 51614677
T 127 7 1 11 14 2 22 2793 2936 163114510 52820690
T 128 12 4 0 24 8 0 2791 2720 163112620 48934347
T 129 3 4 17 6 8 34 2703 2843 163115565 51148085
T 130 7 6 20 14 12 40 2694 2755 163114355 49564125
T 131 1 2 4 2 4 8 2725 2714 163114666 48828301
T 132 0 5 6 0 10 12 2742 2840 163114040 51094068
T 133 5 2 5 10 4 10 2783 2822 163115149 50770743
T 134 0 4 3 0 8 6 2695 2680 163113887 48214685
T 135 4 4 4 8 8 8 2831 2760 163114601 49653869
T 136 1 7 6 2 14 12 2709 2682 163114926 48251676
T 137 8 5 3 16 10 6 2858 2719 163112423 48917020
T 138 4 7 6 8 14 12 2752 2752 163115570 49511482
T 139 8 6 17 16 12 34 2775 2912 163113399 52388569
T 140 7 3 5 14 6 10 2681 2735 163116463 49205506
T 141 19 2 2 38 4 4 2878 2704 163115073 48647326
T 142 4 3 8 8 6 16 2752 2686 163115450 48324117
T 143 7 2 13 14 4 26 2697 2691 163115450 48413652
T 144 11 8 2 22 16 4 2805 2706 163114731 48683205
T 145 10 5 8 20 10 16 2695 2769 163114713 49816221
T 146 8 5 5 16 10 10 2746 2704 163113769 48647160
T 147 4 7 4 8 14 8 2752 2753 163114284 49529567
T 148 6 5 0 12 10 0 2792 2654 163114629 47747439
T 149 2 8 5 4 16 10 2712 2712 163113674 48791154
# P_find a=26 b=30 c=28 a|b=30 a|c=30 b|c=30 a|b|c=30 of 30
