# cp_nz012f s0=18133 s1=135 s2=135 N=330473925(2^28.3000) rounds=5 trials=26 seed=42 t_start=64
# Q_b=C(s0,2)*W=2.689878e+16 (2^54.5784)  W=163624050 ; Q_a=Q_c=P2both*W (per trial)
T 64 0 5 0 0 10 0 2772 2798 163113977 50337995
T 65 4 6 0 8 12 0 2682 2696 163113755 48501697
T 66 8 3 10 16 6 20 2695 2782 163114638 50049962
T 67 0 9 13 0 18 26 2711 2832 163114441 50950349
T 68 0 5 0 0 10 0 2767 2692 163114168 48431998
T 69 7 6 3 14 12 6 2669 2786 163114306 50122400
T 70 5 6 0 10 12 0 2800 2627 163113649 47262181
T 71 3 4 4 6 8 8 2747 2797 163116100 50321442
T 72 7 4 13 14 8 26 2787 2821 163114060 50751519
T 73 11 7 2 22 14 4 2852 2685 163115279 48306227
T 74 1 5 0 2 10 0 2679 2752 163114573 49511121
T 75 5 0 2 10 0 4 2784 2782 163115078 50051375
T 76 0 2 25 0 4 50 2800 2846 163112546 51200558
T 77 2 1 1 4 2 2 2778 2801 163114063 50391855
T 78 5 7 2 10 14 4 2864 2763 163113398 49708522
T 79 0 5 4 0 10 8 2726 2741 163113145 49312938
T 80 7 5 0 14 10 0 2712 2670 163113891 48035761
T 81 12 4 2 24 8 4 2802 2754 163116121 49547059
T 82 5 2 3 10 4 6 2871 2808 163114206 50518973
T 83 0 1 8 0 2 16 2813 2738 163114622 49259048
T 84 6 5 0 12 10 0 2835 2757 163115271 49600545
T 85 12 3 7 24 6 14 2855 2714 163114169 48826783
T 86 7 4 4 14 8 8 2782 2774 163114307 49906602
T 87 7 3 13 14 6 26 2965 2836 163114557 51022048
T 88 3 8 8 6 16 16 2774 2702 163114184 48611301
T 89 18 6 12 36 12 24 2822 2790 163115618 50195375
# P_find a=20 b=25 c=19 a|b=26 a|c=24 b|c=26 a|b|c=26 of 26
