836
700
824
816
680
768
884
860
644
788
856
720
696
764
688
900
760
712
724
760
824
764
760
744
696
812
792
732
700
720
724
796
732
668
848
716
684
744
768
788
780
864
776
680
820
820
748
844
616
788
824
772
884
736
804
740
684
776
768
716
776
736
836
768
780
788
820
852
644
816
800
860
832
788
768
832
788
784
728
864
744
760
720
796
792
796
712
800
856
796
816
800
820
812
704
772
760
652
836
644
688
868
796
864
776
732
860
760
688
796
796
784
672
756
832
796
824
820
724
828
696
756
764
780
736
756
820
664
800
692
760
776
696
724
768
784
864
712
748
748
712
848
812
840
736
836
792
764
744
756
684
756
792
800
796
788
780
760
832
820
800
792
792
856
792
736
812
776
768
812
844
752
760
868
696
708
732
808
668
780
768
716
720
776
784
820
800
796
760
776
708
816
672
680
760
772
748
784
844
744
808
808
724
788
740
764
784
672
820
784
720
792
728
684
724
888
688
764
716
800
752
720
824
788
744
780
752
756
864
756
656
652
828
836
768
728
752
652
724
728
700
772
796
680
640
812
732
764
740
804
792
796
740
632
748
840
760
700
836
756
784
768
760
752
796
816
740
752
760
656
676
620
700
724
804
760
732
864
708
820
812
720
796
740
676
744
848
720
796
768
692
768
752
756
728
728
800
736
792
804
724
824
752
832
844
856
776
740
740
664
776
780
732
740
752
728
776
704
868
776
796
796
816
828
768
672
736
880
792
776
772
876
828
676
756
848
664
804
700
796
712
740
708
808
696
748
720
768
728
696
848
836
792
796
712
808
764
692
796
788
864
688
740
744
768
800
812
796
764
796
772
828
680
752
676
832
692
740
684
836
752
736
780
732
728
732
768
784
756
772
768
716
744
744
772
824
796
692
820
688
692
788
888
800
760
792
672
824
768
816
900
748
724
740
864
800
688
776
816
752
756
868
860
752
804
876
844
800
740
784
792
756
816
764
712
772
824
756
708
712
760
788
852
780
724
856
816
720
820
840
796
788
788
740
772
720
692
772
736
712
820
764
888
756
772
720
816
712
828
772
772
740
880
724
656
716
732
712
732
772
680
756
716
756
748
884
784
804
716
832
796
716
700
756
736
696
724
720
752
820
684
780
804
724
856
740
724
824
760
708
716
800
848
744
736
724
760
768
636
672
736
800
788
880
656
796
932
684
764
704
760
656
760
800
792
800
684
768
744
744
784
776
816
856
884
776
804
768
816
760
752
784
876
708
832
756
760
836
780
756
784
704
804
756
720
816
660
728
752
792
744
764
720
872
904
764
792
808
760
764
724
876
776
864
868
800
728
788
680
784
628
740
680
752
796
732
832
788
780
768
812
764
736
776
696
688
708
804
668
704
880
940
720
820
808
716
800
760
772
912
816
828
876
672
804
784
880
832
916
764
696
752
740
788
796
760
716
760
668
812
780
736
764
760
908
756
764
828
784
812
800
764
712
764
800
808
748
716
752
672
844
780
808
744
896
780
736
716
948
776
688
680
796
892
708
844
784
836
684
708
748
696
700
820
808
736
780
764
772
628
732
712
764
704
732
796
700
752
712
760
